300	1.497069283327784	82	50	537.8001098632812	-154.0699920654297	299.35986328125
300	1.6747236132582248	89	55	515.9974365234375	-180.22000122070312	316.89990234375
300	1.856404292579514	96	60	489.8277282714844	-206.5699920654297	331.18017578125
300	2.017760026450974	102	65	458.5425109863281	-228.3199920654297	342.91015625
300	2.1822793364485324	108	70	424.15423583984375	-249.7899932861328	353.110107421875
300	2.3494832396467746	114	75	387.61712646484375	-270.9599914550781	362.050048828125
300	2.5192758917769016	120	80	349.7130432128906	-291.8399963378906	369.919921875
300	2.6908898234327854	126	85	311.61334228515625	-312.79998779296875	376.7900390625
300	2.8637503266295017	132	90	274.44769287109375	-334.03997802734375	382.679931640625
300	3.0131217122038425	137	95	235.7290496826172	-354.32000732421875	388.97998046875
300	3.1830100893934787	143	100	204.51254272460938	-377.3999938964844	391.56005859375
300	3.448292958732468	150	105	159.1682891845703	-400.30999755859375	391.06005859375
300	3.715109694000107	155	110	94.37179565429688	-419.6600036621094	393.0400390625
300	3.859783279891831	158	115	50.75839614868164	-435.1999816894531	395.050048828125
300	3.9913221478422702	161	120	14.650672912597656	-450.4499816894531	394.2900390625
300	3.924018728729111	162	125	9.492538452148438	-459.94000244140625	395.27001953125
300	3.9696546673735202	164	130	-6.1856231689453125	-469.6399841308594	393.2900390625
300	4.058242070670945	166	135	-23.51275634765625	-478.53997802734375	389.489990234375
300	4.165141332145554	169	140	-27.250694274902344	-486.7200012207031	383.47998046875
300	4.387952047582489	171	145	-58.32600784301758	-493.5999755859375	377.780029296875
300	4.563017594810349	172	150	-88.15908813476562	-498.2799987792969	373.739990234375
300	4.692447229470831	173	155	-113.91466522216797	-502.69000244140625	371.130126953125
300	4.7315637405922235	173	160	-141.77618408203125	-506.97998046875	371.89990234375
300	4.73971301242314	173	165	-169.3210906982422	-511.0799865722656	372.789794921875
300	4.730221507321817	173	170	-226.64797973632812	-513.75	372.81005859375
300	4.814015205200535	175	175	-249.88153076171875	-518.0399780273438	369.860107421875
800	1.5703169544551034	73	30	686.9269409179688	-200.4099884033203	442.419921875
800	1.7240025877913059	79	35	633.4301147460938	-220.9099884033203	463.199951171875
800	1.8522817969282688	84	40	576.6166381835938	-234.72000122070312	483.050048828125
800	1.9800815463026584	89	45	517.1637573242188	-247.9099884033203	503.52001953125
800	2.131466376777512	95	50	457.03985595703125	-265.19000244140625	524.06005859375
800	2.256581532951218	100	55	395.41278076171875	-278.69000244140625	546.4200439453125
800	2.399241912361008	106	60	338.8604736328125	-296.9100036621094	568.68994140625
800	2.531068313117844	112	65	288.6907653808594	-317.239990234375	591.5
800	2.6432406783064426	118	70	249.3597412109375	-340.8399963378906	614.1800537109375
800	2.8541630387266697	125	75	191.42730712890625	-367.3599853515625	634.72998046875
800	3.2330562949141086	132	80	84.08601379394531	-393.1300048828125	655.489990234375
800	3.2549154639204563	132	85	16.92998695373535	-400.7099914550781	675.050048828125
800	3.3174252390821994	134	90	-7.276889801025391	-412.72998046875	685.9599609375
800	3.4490599513014377	136	95	-29.436689376831055	-427.4599914550781	690.8399658203125
800	3.5767638564070285	139	100	-37.08522033691406	-443.5099792480469	692.550048828125
800	3.7246971011122287	142	105	-46.17719650268555	-458.8399963378906	692.0400390625
800	3.974160718913895	144	110	-71.15402221679688	-470.9700012207031	689.1600341796875
800	4.168209302421433	144	115	-108.31666564941406	-477.6999816894531	688.1201171875
800	4.175399827953202	144	120	-139.29037475585938	-483.53997802734375	700.699951171875
800	4.095728683467728	143	125	-201.47860717773438	-488.5999755859375	711.8199462890625
800	4.073006618018967	143	130	-278.9033508300781	-494.4499816894531	718.800048828125
800	4.062939870353562	143	135	-351.3614807128906	-498.54998779296875	722.7398681640625
800	4.055941092964035	143	140	-419.35797119140625	-500.75	724.4300537109375
800	4.129188644882065	145	145	-443.92718505859375	-508.55999755859375	726.6998291015625
1300	1.7701179861982883	77	25	811.4524536132812	-289.1099853515625	625.97998046875
1300	1.8668546557386936	81	30	730.0762329101562	-292.2699890136719	650.1400146484375
1300	1.9572636961897434	85	35	645.7601928710938	-294.2599792480469	677.699951171875
1300	2.064067113395554	90	40	561.5853271484375	-301.2799987792969	707.989990234375
1300	2.1595573306044162	95	45	480.5962219238281	-308.78997802734375	741.7900390625
1300	2.2401871561964573	100	50	404.7784423828125	-318.30999755859375	778.989990234375
1300	2.295602309699875	105	55	341.897705078125	-332.0099792480469	819.239990234375
1300	2.3280076861342014	111	60	305.74212646484375	-354.41998291015625	860.5699462890625
1300	2.408158051963669	118	65	266.09869384765625	-383.22998046875	901.5
1300	2.994234669204575	127	70	56.37253952026367	-407.3199768066406	945.0499877929688
1300	3.051087844367844	125	75	-27.31414031982422	-404.3999938964844	970.5299682617188
1300	3.3221230387648166	128	80	-50.00766372680664	-422.92999267578125	983.5900268554688
1300	3.5465636134108127	130	85	-74.1911849975586	-442.2699890136719	992.5
1300	3.6990988135298313	132	90	-92.90423583984375	-460.16998291015625	1001.6500244140625
1300	3.8015878677328647	134	95	-106.17511749267578	-477.05999755859375	1010.0800170898438
1300	3.7908500313719333	132	100	-194.04421997070312	-483.4499816894531	1021.4000244140625
1300	3.7810708761175693	133	105	-255.35940551757812	-490.4599914550781	1039.580078125
1300	3.7341886043509067	133	110	-340.75250244140625	-495.4499816894531	1055.669921875
1300	3.7417626261671604	134	115	-412.2655029296875	-503.47998046875	1070.260009765625
1300	3.7313123822172702	134	120	-499.26629638671875	-508.0799865722656	1079.7099609375
1300	3.726231086250168	134	125	-578.6643676757812	-511.4100036621094	1085.5899658203125
1300	3.755472588535172	135	130	-637.6100463867188	-517.510009765625	1092.0400390625
1300	3.752404618259293	135	135	-692.5460205078125	-518.22998046875	1092.929931640625
1800	1.6022429346998752	71	20	1201.0367431640625	-366.75	783.5900268554688
1800	1.9294602751692356	82	25	899.6345825195312	-377.5	844.6000366210938
1800	2.0191981673201145	86	30	790.6338500976562	-372.41998291015625	877.7999877929688
1800	2.067135083671433	89	35	683.0120239257812	-360.6000061035156	918.8099975585938
1800	2.1438341021498264	94	40	581.1569213867188	-361.3599853515625	962.8200073242188
1800	2.169911611076218	98	45	490.64398193359375	-360.1999816894531	1014.219970703125
1800	2.1841010928114475	103	50	419.0256042480469	-368.1499938964844	1069.280029296875
1800	2.147189605232102	108	55	380.1251220703125	-382.91998291015625	1128.1600341796875
1800	2.055054891105515	113	60	386.335205078125	-406.2099914550781	1188.6600341796875
1800	2.2190949797590793	122	65	294.2352600097656	-438.3800048828125	1248.8499755859375
1800	2.971896040435654	126	70	-32.80561065673828	-432.41998291015625	1299.97998046875
1800	3.344365704055649	126	75	-85.21702575683594	-445.75	1319.739990234375
1800	3.361047732826096	125	80	-156.83013916015625	-456.3599853515625	1343.780029296875
1800	3.4304604411085666	127	85	-214.03045654296875	-475.1399841308594	1367.6099853515625
1800	3.4689057946165622	128	90	-286.22540283203125	-493.8699951171875	1385.8699951171875
1800	3.537359702583176	129	95	-367.2545471191406	-510.5	1402.2900390625
1800	3.537743198867661	130	100	-441.5672912597656	-518.9099731445312	1424.300048828125
1800	3.547905790801865	132	105	-498.352294921875	-529.0899658203125	1449.9599609375
1800	3.553658235069138	133	110	-581.6316528320312	-537.2899780273438	1471.0
1800	3.5489604353865207	133	115	-683.078125	-542.0999755859375	1484.9300537109375
1800	3.575229871269089	134	120	-761.1063232421875	-549.739990234375	1499.989990234375
1800	3.5761885523756565	134	125	-847.1233520507812	-552.6300048828125	1506.6500244140625
1800	3.5735040783842624	134	130	-924.7073974609375	-554.260009765625	1510.02001953125
1800	3.599581825729233	135	135	-969.3391723632812	-559.3099975585938	1517.3499755859375
2300	1.7328231215437473	77	20	1435.3526611328125	-523.989990234375	1016.6099243164062
2300	2.0908157706221164	87	25	1008.2406005859375	-494.3199768066406	1081.179931640625
2300	2.1569688200911106	90	30	864.7860717773438	-470.7599792480469	1127.419921875
2300	2.1959893584211887	93	35	726.965576171875	-449.28997802734375	1183.4898681640625
2300	2.2209164977034153	97	40	605.1068725585938	-437.67999267578125	1246.1298828125
2300	2.198290336128098	101	45	510.6450500488281	-432.54998779296875	1316.7099609375
2300	2.138656842704636	106	50	456.9936218261719	-439.72998046875	1392.0399169921875
2300	2.0040500044783176	110	55	454.6103515625	-452.7699890136719	1471.68994140625
2300	1.841927516456467	114	60	506.3646545410156	-475.6999816894531	1550.679931640625
2300	2.0282101511915744	124	65	351.75787353515625	-507.739990234375	1633.099853515625
2300	3.187995541091782	126	70	-88.3533935546875	-490.03997802734375	1687.7999267578125
2300	3.1931728005369724	123	75	-278.42889404296875	-490.0799865722656	1724.2598876953125
2300	3.2280708432158054	123	80	-414.9898986816406	-504.5799865722656	1756.85986328125
2300	3.286074507232529	125	85	-488.66986083984375	-526.7999877929688	1790.0599365234375
2300	3.343023526664597	127	90	-551.2380981445312	-550.8800048828125	1818.35986328125
2300	3.4091764569243015	129	95	-625.198974609375	-570.739990234375	1847.56982421875
2300	3.407354819770676	131	100	-686.6539916992188	-582.1400146484375	1881.43994140625
2300	3.4084094643553318	132	105	-780.80029296875	-591.2000122070312	1909.579833984375
2300	3.4237491965254367	133	110	-878.3861694335938	-600.3200073242188	1935.39990234375
2300	3.4484846472700657	134	115	-973.634765625	-609.1400146484375	1958.2899169921875
2300	3.4569215655287326	134	120	-1079.47119140625	-613.2099609375	1970.10986328125
2300	3.4610441803892673	134	125	-1173.8253173828125	-615.8200073242188	1977.6298828125
2300	3.4846291422804416	135	130	-1243.923828125	-621.8999633789062	1990.7598876953125
2300	3.4824240088423313	135	135	-1307.665771484375	-622.4299926757812	1991.989990234375
