INSPEED	ENDANGLE	TOTALTICKS	DRIFTTICKS	OUTSPEED	OUTOFFSETX	OUTOFFSETY
0	1.3720499714228769	104	75	559.778076171875	-165.8000030517578	250.7998046875
0	1.53024165233108	112	80	569.7827758789062	-199.72000122070312	266.14990234375
0	1.6859407305677951	119	85	569.3070678710938	-230.20999145507812	275.580078125
0	1.8475839972456516	126	90	563.9985961914062	-260.8899841308594	281.10986328125
0	2.0150754332502903	133	95	554.0338134765625	-290.66998291015625	282.659912109375
0	2.1804578185041965	139	100	533.5128784179688	-314.3800048828125	282.2900390625
0	2.3513049960096897	145	105	508.8562316894531	-336.82000732421875	280.080078125
0	2.5356702685316623	152	110	487.4453125	-360.8899841308594	273.760009765625
0	2.717542874809128	158	115	456.37139892578125	-379.6300048828125	268.75
0	2.9046884655912937	164	120	423.1228332519531	-396.9599914550781	263.280029296875
0	3.0879992127379	169	125	380.5802307128906	-411.989990234375	260.449951171875
0	3.2850198626478733	175	130	344.946044921875	-428.239990234375	253.8798828125
0	3.4864506602247776	181	135	309.6566467285156	-444.0699768066406	246.35986328125
0	3.6906618952711643	187	140	276.1110534667969	-459.44000244140625	237.469970703125
0	3.8965029597242893	193	145	245.27706909179688	-473.989990234375	226.599853515625
0	4.11988888978563	200	150	224.79627990722656	-486.3899841308594	211.5
0	4.329564887281281	205	155	194.80397033691406	-493.7599792480469	202.579833984375
0	4.5429799735506595	208	160	149.020263671875	-498.97998046875	200.64990234375
0	4.225829440351349	210	165	193.6486053466797	-513.2099609375	193.800048828125
0	4.253536987300736	213	170	210.38339233398438	-516.4199829101562	184.169921875
0	4.424767571683747	217	175	202.73074340820312	-513.6499633789062	175.75
0	4.721880486417335	220	180	161.6156463623047	-509.17999267578125	174.489990234375
0	4.99349095224939	221	185	105.87944030761719	-510.55999755859375	177.31005859375
0	5.235092926021439	218	190	8.794612884521484	-518.1199951171875	182.43994140625
0	5.362605082984787	214	195	-69.68232727050781	-524.7000122070312	187.39013671875
0	5.358961868282181	211	200	-116.23735809326172	-529.010009765625	191.570068359375
0	5.262608695026261	208	205	-175.8648681640625	-530.8800048828125	195.929931640625
50	1.3642842014643808	100	70	568.6181640625	-166.17999267578125	260.530029296875
50	1.5231470306727548	108	75	577.4927978515625	-200.25999450683594	276.010009765625
50	1.6797089457472385	115	80	575.8449096679688	-230.75	285.60009765625
50	1.8423108935316623	122	85	569.355224609375	-261.2200012207031	291.099853515625
50	2.003187167640549	128	90	552.0828857421875	-286.05999755859375	293.56982421875
50	2.1695282340010227	134	95	530.3211059570312	-309.7799987792969	293.949951171875
50	2.349291551109177	141	100	511.07708740234375	-336.04998779296875	290.309814453125
50	2.526753890510422	147	105	481.90057373046875	-356.3500061035156	287.019775390625
50	2.7095854163130344	153	110	449.8758239746094	-375.2099914550781	282.789794921875
50	2.8975938439329685	159	115	415.71856689453125	-392.7699890136719	278.039794921875
50	3.090779530998093	165	120	380.3310546875	-409.47998046875	272.749755859375
50	3.2890465140303196	171	125	344.4355773925781	-425.5099792480469	266.85009765625
50	3.491052615638596	177	130	309.33013916015625	-441.3299865722656	259.960205078125
50	3.6963184952696384	183	135	275.9114685058594	-456.7599792480469	251.66015625
50	3.903022396560532	189	140	245.46185302734375	-471.55999755859375	241.1201171875
50	4.113081860538346	195	145	217.3851318359375	-484.7599792480469	228.52001953125
50	4.332249361272675	200	150	187.51077270507812	-490.92999267578125	221.030029296875
50	4.547581914063317	203	155	141.52523803710938	-496.44000244140625	219.81005859375
50	4.175208079810959	205	160	204.1796417236328	-510.5199890136719	211.360107421875
50	4.218351292606217	208	165	216.1051025390625	-513.4500122070312	202.02001953125
50	4.429465401168686	211	170	189.12571716308594	-510.9499816894531	196.249755859375
50	4.729358642544371	214	175	147.9137725830078	-507.1099853515625	195.39990234375
50	5.021773743625504	215	180	90.05707550048828	-508.8799743652344	198.52001953125
50	5.231353867050034	211	185	-17.481719970703125	-517.1499633789062	204.5
50	5.3175443887671054	207	190	-82.59327697753906	-522.9299926757812	209.83984375
50	5.2863854050596775	204	195	-128.57415771484375	-526.7899780273438	214.33984375
50	5.216301667686325	202	200	-191.51950073242188	-528.1699829101562	217.199951171875
100	1.340699120363917	96	65	579.9717407226562	-164.70999145507812	270.43017578125
100	1.492275639376368	103	70	582.187255859375	-194.13999938964844	285.0498046875
100	1.649892318244797	110	75	579.2308959960938	-224.5	295.800048828125
100	1.813069331642014	117	80	571.54736328125	-254.86000061035156	302.510009765625
100	1.9745209097822727	123	85	553.0702514648438	-279.7099914550781	306.0400390625
100	2.1492988944014133	130	90	536.4947509765625	-307.8299865722656	305.929931640625
100	2.3219675898512424	136	95	509.6104736328125	-329.82000732421875	304.97998046875
100	2.4999093890150608	142	100	479.2923583984375	-350.3299865722656	302.639892578125
100	2.683315980430466	148	105	446.24005126953125	-369.3899841308594	299.39990234375
100	2.871803748603684	154	110	411.1399841308594	-387.3199768066406	295.519775390625
100	3.0654688954313816	160	115	374.9207763671875	-404.3800048828125	291.18994140625
100	3.264119374748093	166	120	338.35986328125	-421.0299987792969	286.1201171875
100	3.4665089726408542	172	125	302.7354431152344	-437.44000244140625	279.960205078125
100	3.6713912367781223	178	130	269.2052917480469	-453.6199951171875	272.10009765625
100	3.878286945815903	184	135	238.3535919189453	-469.22998046875	262.080078125
100	4.087867069240433	190	140	211.13824462890625	-482.6299743652344	250.090087890625
100	4.312307614084107	195	145	181.25405883789062	-488.3799743652344	243.52001953125
100	4.528407159443718	198	150	134.34359741210938	-494.3499755859375	243.06005859375
100	4.127079415317398	200	155	209.2853240966797	-508.7599792480469	233.320068359375
100	4.19045202731691	203	160	215.2774658203125	-511.5	224.35009765625
100	4.411153513189179	206	165	186.5161895751953	-508.19000244140625	219.259765625
100	4.71651155380137	209	170	144.6126708984375	-504.6299743652344	218.969970703125
100	5.003845322128159	209	175	76.1019515991211	-507.92999267578125	223.320068359375
100	5.2050844311674656	204	180	-36.025699615478516	-516.239990234375	230.72998046875
100	5.269895124431473	201	185	-89.15752410888672	-521.4599609375	235.320068359375
100	5.2240674376448215	198	190	-135.02511596679688	-524.9099731445312	239.919921875
100	5.146889048810822	196	195	-210.53790283203125	-525.5800170898438	242.820068359375
150	1.2969807823512216	91	60	588.5557861328125	-157.52999877929688	277.7900390625
150	1.4488448341700693	98	65	589.7420043945312	-186.6999969482422	293.909912109375
150	1.606653201576096	105	70	585.7361450195312	-216.87998962402344	306.199951171875
150	1.770309674735886	112	75	576.794921875	-247.25999450683594	314.41015625
150	1.9397187113722385	119	80	563.3228759765625	-276.9100036621094	318.590087890625
150	2.107210147376877	125	85	539.2608032226562	-300.3999938964844	320.56005859375
150	2.280166614051682	131	90	511.1866455078125	-322.6000061035156	320.719970703125
150	2.4583959460218967	137	95	479.6860046386719	-343.28997802734375	319.639892578125
150	2.641898381706101	143	100	445.4442138671875	-362.6999816894531	317.5
150	2.830769765373093	149	105	409.18524169921875	-380.97998046875	314.830078125
150	3.0247224450071872	155	110	371.8888244628906	-398.5099792480469	311.489990234375
150	3.223181235786301	161	115	334.4868469238281	-415.739990234375	307.4599609375
150	3.4258584856947483	167	120	297.98419189453125	-432.80999755859375	302.349853515625
150	3.6302614092787326	173	125	263.8678283691406	-449.8699951171875	295.330078125
150	3.837348806854111	179	130	232.3053436279297	-466.41998291015625	286.090087890625
150	4.047216582294327	185	135	205.3330535888672	-480.239990234375	274.8798828125
150	4.274149852987152	190	140	175.42091369628906	-486.0799865722656	269.0400390625
150	4.0701303958853305	192	145	182.82916259765625	-501.17999267578125	268.329833984375
150	4.042518723007065	195	150	217.8907470703125	-507.29998779296875	258.489990234375
150	4.0972626686056675	198	155	225.27133178710938	-510.739990234375	249.68994140625
150	4.407126802202088	201	160	177.86236572265625	-506.03997802734375	245.47998046875
150	4.713060096961685	204	165	137.59547424316406	-502.7099914550781	245.539794921875
150	4.985245811935288	203	170	60.64255905151367	-507.25	251.150146484375
150	5.162804085012299	198	175	-46.34947204589844	-515.2799682617188	259.0498046875
150	5.202879327531678	195	180	-96.66897583007812	-520.1199951171875	264.159912109375
150	5.1404654860457	192	185	-143.04949951171875	-523.1199951171875	268.869873046875
200	1.2414697845790048	86	55	600.3555297851562	-149.27999877929688	284.3798828125
200	1.400907917818751	94	60	606.2346801757812	-182.89999389648438	304.320068359375
200	1.5587162216517587	101	65	601.3482666015625	-213.11000061035156	317.679931640625
200	1.714990603919846	107	70	585.5601806640625	-238.489990234375	326.419921875
200	1.8844954848249973	114	75	570.8257446289062	-268.239990234375	332.3798828125
200	2.051891076560837	120	80	545.5659790039062	-291.94000244140625	335.699951171875
200	2.224655616279465	126	85	516.2578735351562	-314.2699890136719	337.31982421875
200	2.402789103980881	132	90	483.4563293457031	-335.2799987792969	337.5
200	2.586387383933884	138	95	447.8319091796875	-355.0099792480469	336.730224609375
200	2.7750670790632785	144	100	410.30157470703125	-373.66998291015625	335.2900390625
200	2.968828070159775	150	105	371.7342834472656	-391.67999267578125	333.280029296875
200	3.167286860938889	156	110	333.1332702636719	-409.5099792480469	330.489990234375
200	3.369388806815964	162	115	295.5718688964844	-427.3999938964844	326.610107421875
200	3.5843378186186374	169	120	269.1468200683594	-445.4599914550781	318.280029296875
200	3.791233527656418	175	125	236.95526123046875	-462.8599853515625	310.239990234375
200	4.001292991634232	181	130	209.796142578125	-477.1999816894531	300.320068359375
200	4.2177760481794895	185	135	170.13821411132812	-484.0299987792969	297.0
200	3.995157110687119	187	140	188.20034790039062	-499.47998046875	296.280029296875
200	3.9692711710890354	190	145	220.07421875	-506.4700012207031	286.85009765625
200	4.0623646259268344	193	150	218.22906494140625	-509.5199890136719	278.41015625
200	4.350848871465546	197	155	186.6917724609375	-503.92999267578125	272.320068359375
200	4.661192371692282	199	160	134.54693603515625	-501.739990234375	274.31005859375
200	4.940281006689888	198	165	55.95589828491211	-506.3199768066406	280.469970703125
200	5.099623250957352	192	170	-56.70125198364258	-514.2999877929688	290.300048828125
200	5.115730065103394	189	175	-105.1702880859375	-518.9099731445312	295.9599609375
200	5.035579550262314	186	180	-158.96511840820312	-521.3099975585938	300.85986328125
250	1.1750292023036142	81	50	615.531494140625	-140.0800018310547	289.81005859375
250	1.3339881141993661	89	55	620.6611938476562	-173.22000122070312	312.18017578125
250	1.4912211140010019	96	60	615.0277099609375	-203.3300018310547	327.56005859375
250	1.6471118807753147	102	65	598.4298706054688	-228.69000244140625	338.0
250	1.8161373019178928	109	70	582.606689453125	-258.6199951171875	345.93994140625
250	1.983341205116135	115	75	556.1741333007812	-282.54998779296875	350.800048828125
250	2.1635839819868625	122	80	532.1923828125	-309.5	352.409912109375
250	2.3417174696882785	128	85	498.2574462890625	-330.1999816894531	353.519775390625
250	2.525028216834885	134	90	461.53857421875	-349.6099853515625	353.820068359375
250	2.7136120676954807	140	95	422.86114501953125	-367.97998046875	353.5400390625
250	2.90718125104509	146	100	383.18603515625	-385.8500061035156	352.920166015625
250	3.1055440783461155	152	105	343.4129638671875	-403.54998779296875	351.610107421875
250	3.307741987701279	158	110	304.6304931640625	-421.5999755859375	349.31005859375
250	3.511953103538376	164	115	268.2523498535156	-440.0799865722656	345.2900390625
250	3.717890071864945	170	120	234.76220703125	-458.7099914550781	338.580078125
250	3.926799046989304	176	125	206.39846801757812	-474.54998779296875	329.66015625
250	4.141748118396622	180	130	165.97740173339844	-482.0899963378906	326.91015625
250	3.871959257121903	182	135	198.78631591796875	-498.1499938964844	326.510009765625
250	3.9005296707113803	185	140	216.89187622070312	-505.3899841308594	317.820068359375
250	4.003498125072342	189	145	223.64942932128906	-508.4700012207031	307.380126953125
250	4.29639257788263	192	150	181.00384521484375	-503.739990234375	302.89013671875
250	4.6136389702519	194	155	128.4567108154297	-501.2099914550781	304.81982421875
250	4.891193616386277	193	160	50.57606506347656	-505.42999267578125	311.659912109375
250	5.032703357931	187	165	-59.64483642578125	-513.1199951171875	322.41015625
250	5.039414513107163	184	170	-107.69969177246094	-517.7999877929688	328.580078125
250	4.9530322134455265	181	175	-170.05136108398438	-519.9500122070312	333.6201171875
300	1.2496191700312753	83	50	633.5224609375	-158.01998901367188	316.070068359375
300	1.413467331728663	91	55	632.6996459960938	-192.6599884033203	336.56982421875
300	1.5688788135859628	97	60	615.40869140625	-218.0399932861328	348.920166015625
300	1.7370414614637912	104	65	598.6751708984375	-248.22999572753906	359.030029296875
300	1.9035742163618625	110	70	571.2356567382812	-272.3800048828125	365.64990234375
300	2.0830500006636203	117	75	545.857666015625	-299.7799987792969	369.139892578125
300	2.2604164957960666	123	80	510.5724182128906	-320.91998291015625	371.75
300	2.4427685618361057	129	85	472.4061279296875	-340.67999267578125	373.580078125
300	2.6306812643965305	135	90	432.0477294921875	-359.3800048828125	374.77001953125
300	2.8233874916990818	141	95	390.68035888671875	-377.53997802734375	375.60986328125
300	3.0207916378935398	147	100	349.1263732910156	-395.6999816894531	375.97998046875
300	3.2223183989485324	153	105	308.5419006347656	-414.3199768066406	375.349853515625
300	3.425954329963547	159	110	270.1454162597656	-433.6499938964844	373.10986328125
300	3.6306449055632175	165	115	234.9950408935547	-453.53997802734375	368.18994140625
300	3.8482784509619297	172	120	214.02008056640625	-471.1399841308594	358.510009765625
300	4.061022388931137	176	125	172.49728393554688	-479.6600036621094	356.449951171875
300	3.7824131131132663	178	130	208.87368774414062	-496.1999816894531	356.93994140625
300	3.8094495415648044	181	135	226.89476013183594	-504.4599914550781	348.58984375
300	3.90954177379213	184	140	222.8834228515625	-509.0099792480469	340.35986328125
300	4.221227514739853	188	145	186.95150756835938	-503.5299987792969	333.239990234375
300	4.524092841144425	190	150	136.50399780273438	-500.47998046875	335.139892578125
300	4.816699671741349	189	155	56.18533706665039	-504.2799987792969	342.9599609375
300	4.9678926646669925	183	160	-55.69335174560547	-512.0399780273438	354.920166015625
300	4.9463210433682026	179	165	-111.31403350830078	-516.5399780273438	363.110107421875
300	4.853515210743767	176	170	-184.0329132080078	-518.3200073242188	368.340087890625
350	1.1634284695002695	78	45	655.7420043945312	-146.75999450683594	320.719970703125
350	1.3188399513575693	85	50	649.2767944335938	-176.17999267578125	341.81982421875
350	1.4803873737666269	92	55	637.00048828125	-206.5399932861328	358.6298828125
350	1.647591340537888	99	60	619.4759521484375	-237.0	371.219970703125
350	1.812973487373215	105	65	591.1815185546875	-261.41998291015625	379.669921875
350	1.9912989020308078	112	70	564.5052490234375	-289.4100036621094	385.25
350	2.1678025603254856	118	75	527.8329467773438	-310.8599853515625	389.469970703125
350	2.349195706840378	124	80	488.0673828125	-331.0	392.739990234375
350	2.535766112800461	130	85	446.0346984863281	-349.9700012207031	395.47998046875
350	2.727417814727646	136	90	402.6927490234375	-368.4100036621094	397.89013671875
350	2.923863279815537	142	95	359.0221252441406	-386.7599792480469	399.989990234375
350	3.1243353962858738	148	100	316.1691589355469	-405.7699890136719	401.27001953125
350	3.3274919867476047	154	105	275.3974609375	-425.72998046875	401.1201171875
350	3.5411946654280246	161	110	247.26055908203125	-446.989990234375	396.030029296875
350	3.745597589012009	167	115	214.11700439453125	-467.0999755859375	390.5
350	3.9644774675329746	172	120	180.50631713867188	-477.0899963378906	387.080078125
350	3.716835427280289	173	125	197.74388122558594	-493.67999267578125	391.380126953125
350	3.720574545856339	176	130	222.00665283203125	-502.97998046875	383.449951171875
350	3.7884531497915805	180	135	236.48516845703125	-509.5899963378906	373.080078125
350	4.1158621787985386	184	140	195.7532196044922	-504.3499755859375	364.85009765625
350	4.437518793340546	186	145	142.20591735839844	-500.17999267578125	366.469970703125
350	4.739521266143543	185	150	61.23576736450195	-503.0299987792969	375.170166015625
350	4.8885091423948825	179	155	-52.37446594238281	-510.5299987792969	388.679931640625
350	4.8699096322020115	175	160	-108.88819885253906	-515.2899780273438	397.75
350	4.77988413273893	172	165	-184.9423370361328	-517.25	403.239990234375
350	4.742301604892832	171	170	-263.38128662109375	-517.3300170898438	404.800048828125
400	1.0624734600398202	72	40	676.54638671875	-130.45999145507812	319.900146484375
400	1.2234455784175058	80	45	675.3365478515625	-163.97999572753906	347.469970703125
400	1.383459015688624	87	50	663.0106201171875	-194.37998962402344	367.090087890625
400	1.5491289337489267	94	55	645.0259399414062	-225.1199951171875	382.300048828125
400	1.7134566187819065	100	60	616.0776977539062	-249.88999938964844	392.68994140625
400	1.8901519656141819	107	65	588.365234375	-278.5299987792969	400.52001953125
400	2.065217483039719	113	70	550.44091796875	-300.41998291015625	406.369873046875
400	2.245268571372849	119	75	509.1475830078125	-320.91998291015625	411.170166015625
400	2.4303049921949924	125	80	465.3133544921875	-340.1300048828125	415.47021484375
400	2.620614516731125	131	85	419.857177734375	-358.7099914550781	419.469970703125
400	2.815430033202988	137	90	373.8915710449219	-377.2200012207031	423.260009765625
400	3.014655697341782	143	95	328.4927978515625	-396.29998779296875	426.6201171875
400	3.2168536066969455	149	100	284.96917724609375	-416.5899963378906	428.72998046875
400	3.429405796523911	156	105	253.85882568359375	-438.8499755859375	426.320068359375
400	3.634671556945664	162	110	216.35317993164062	-461.44000244140625	423.159912109375
400	3.8416631102522434	167	115	180.97157287597656	-474.4100036621094	420.380126953125
400	3.6662140965422214	170	120	199.97671508789062	-490.5299987792969	423.179931640625
400	3.645025956626755	172	125	221.53892517089844	-501.4100036621094	417.919921875
400	3.6765684962233127	175	130	234.88616943359375	-509.5099792480469	409.820068359375
400	3.9688876748045505	179	135	199.35720825195312	-507.0	400.0
400	4.321607369180542	182	140	149.78854370117188	-501.1099853515625	398.550048828125
400	4.633676591511589	182	145	77.80201721191406	-501.8399963378906	406.60986328125
400	4.80960501283012	176	150	-41.461181640625	-508.94000244140625	422.010009765625
400	4.81037200539909	172	155	-100.14288330078125	-514.239990234375	432.239990234375
400	4.691392618413788	168	160	-188.6637725830078	-515.6199951171875	439.510009765625
400	4.655727564539534	167	165	-266.17413330078125	-516.0	441.2900390625
450	1.116162701449122	74	40	699.7723999023438	-146.4499969482422	347.3701171875
450	1.281065626940455	82	45	692.760986328125	-181.62998962402344	373.5400390625
450	1.4452015598628183	89	50	674.6694946289062	-212.6599884033203	391.56005859375
450	1.608378875251633	95	55	645.2927856445312	-237.7899932861328	404.110107421875
450	1.783540236945969	102	60	616.6192626953125	-267.19000244140625	414.300048828125
450	1.9572636961897434	108	65	577.5755615234375	-289.5799865722656	421.830078125
450	2.1357805609663547	114	70	534.7323608398438	-310.44000244140625	428.199951171875
450	2.3195707678755344	120	75	488.95404052734375	-329.94000244140625	433.800048828125
450	2.508154380317551	126	80	441.3229675292969	-348.57000732421875	439.3798828125
450	2.7015318751295627	132	85	392.895263671875	-366.97998046875	444.85986328125
450	2.899415481086594	138	90	344.6712341308594	-385.9700012207031	450.169921875
450	3.1005586266478122	144	95	298.0047607421875	-406.3500061035156	454.669921875
450	3.31291912793718	151	100	263.3531799316406	-429.17999267578125	454.969970703125
450	3.5161715626677097	157	105	223.0367431640625	-452.78997802734375	454.83984375
450	3.724313604827744	163	110	192.90298461914062	-470.41998291015625	451.489990234375
450	3.9441522240599216	167	115	147.08534240722656	-479.3899841308594	453.159912109375
450	3.543112146850449	168	120	226.49696350097656	-498.3699951171875	452.219970703125
450	3.5970890402754367	172	125	244.86972045898438	-508.54998779296875	442.77001953125
450	3.845402228828293	176	130	218.26718139648438	-508.72998046875	432.099853515625
450	4.184028494354111	178	135	159.5313262939453	-502.5	430.64990234375
450	4.533680218454224	179	140	93.36376953125	-500.44000244140625	437.39990234375
450	4.718812524989021	173	145	-30.38379669189453	-506.7099914550781	454.800048828125
450	4.742205732684356	169	150	-91.92524719238281	-512.2899780273438	466.60986328125
450	4.6332930952271045	165	155	-178.52737426757812	-514.5	474.81982421875
450	4.6016547411640705	164	160	-257.6300964355469	-515.7999877929688	477.0
500	1.0137695511195322	69	35	731.8433837890625	-133.58999633789062	347.75
500	1.170331402620997	76	40	720.4349975585938	-163.4499969482422	374.14990234375
500	1.3330291946742197	83	45	702.3056030273438	-194.51998901367188	396.059814453125
500	1.5012878616664072	90	50	678.1512451171875	-225.59999084472656	413.249755859375
500	1.6682999014814914	96	55	642.8358154296875	-250.27999877929688	425.3701171875
500	1.8474881529768528	103	60	608.528076171875	-278.7599792480469	435.10009765625
500	2.0247588038405	109	65	564.1920166015625	-300.1099853515625	442.900146484375
500	2.207206714149338	115	70	516.473388671875	-319.8299865722656	449.97998046875
500	2.3940646529158176	121	75	466.60101318359375	-338.5299987792969	456.920166015625
500	2.58590816258989	127	80	415.556884765625	-356.7799987792969	463.949951171875
500	2.782353508468491	133	85	364.38629150390625	-375.489990234375	471.06005859375
500	2.982442128654343	139	90	314.41522216796875	-395.53997802734375	477.840087890625
500	3.1941314816435398	146	95	275.9394226074219	-418.6399841308594	480.9599609375
500	3.3950829386671604	152	100	232.77740478515625	-442.67999267578125	483.93994140625
500	3.6069640994032444	159	105	206.48789978027344	-465.3299865722656	481.0
500	3.8178864598234714	163	110	160.01783752441406	-476.0199890136719	483.1201171875
500	3.4649749875029148	164	115	224.2886962890625	-494.80999755859375	485.860107421875
500	3.545796620841843	168	120	236.1411590576172	-505.9100036621094	477.06005859375
500	3.6955515027006687	172	125	231.65089416503906	-511.17999267578125	466.39013671875
500	4.0312056422194065	175	130	182.755615234375	-504.28997802734375	460.2900390625
500	4.401662009950501	176	135	111.40877532958984	-499.739990234375	466.429931640625
500	4.63453945815168	172	140	3.047663688659668	-504.5299987792969	483.330078125
500	4.670588004585129	166	145	-84.18628692626953	-509.67999267578125	499.489990234375
500	4.570879253741127	162	150	-168.8560333251953	-512.739990234375	509.009765625
500	4.504246968026978	160	155	-264.8174743652344	-512.6099853515625	512.60009765625
550	1.0563375194880624	70	35	751.5706787109375	-145.12998962402344	371.0400390625
550	1.223828955492701	78	40	738.9716796875	-181.33999633789062	400.159912109375
550	1.3905536373469491	85	45	715.0277709960938	-213.0699920654297	420.309814453125
550	1.5563193996760507	91	50	679.5664672851562	-238.38999938964844	434.469970703125
550	1.7337818026503147	98	55	644.3076171875	-267.80999755859375	446.5498046875
550	1.9098060011824192	104	60	598.6297607421875	-289.739990234375	455.820068359375
550	2.0906240820845188	110	65	549.1243286132812	-309.8899841308594	464.170166015625
550	2.2763316512068332	116	70	496.92254638671875	-328.6999816894531	472.300048828125
550	2.466545331474167	122	75	443.205322265625	-346.75	480.7099609375
550	2.6614565730055393	128	80	388.9665222167969	-364.9599914550781	489.43017578125
550	2.8602989792784275	134	85	335.44207763671875	-384.42999267578125	498.2900390625
550	3.0713171839674533	141	90	292.9490051269531	-407.2699890136719	504.090087890625
550	3.27255629300676	147	95	245.49964904785156	-431.2599792480469	510.4000244140625
550	3.4793560385664524	154	100	213.14675903320312	-457.8899841308594	510.97998046875
550	3.68874441384874	159	105	173.764892578125	-472.0999755859375	512.3499755859375
550	3.3946035981138767	161	110	229.49594116210938	-490.75	516.6300048828125
550	3.4250914931257785	164	115	245.34547424316406	-503.0699768066406	510.6500244140625
550	3.510323274131638	167	120	242.9103240966797	-513.1599731445312	504.1099853515625
550	3.873589086528641	171	125	194.98904418945312	-507.6199951171875	492.2301025390625
550	4.266384053226334	173	130	129.9286651611328	-499.97998046875	494.5
550	4.540966632958275	170	135	29.594030380249023	-502.19000244140625	511.41015625
550	4.614405955370289	164	140	-69.37557983398438	-507.2599792480469	530.0499267578125
550	4.5031923532446445	159	145	-158.39169311523438	-510.0899963378906	542.449951171875
550	4.440299141403061	157	150	-258.9730529785156	-510.8799743652344	546.8199462890625
550	4.444325852390152	157	155	-320.1198425292969	-512.7099609375	547.699951171875
600	1.102260990938868	72	35	774.7655639648438	-162.0	398.369873046875
600	1.2673558433863779	79	40	751.440185546875	-193.97000122070312	422.77001953125
600	1.4377235611292978	86	45	721.4279174804688	-225.8699951171875	442.18994140625
600	1.60713242292009	92	50	680.0813598632812	-250.70999145507812	455.949951171875
600	1.7880463480909885	99	55	639.2040405273438	-279.2200012207031	467.5799560546875
600	1.9674262881239475	105	60	588.1551513671875	-300.0099792480469	477.179931640625
600	2.1515040278395237	111	65	533.8859252929688	-319.04998779296875	486.3599853515625
600	2.3400876402815403	117	70	477.4423828125	-337.0	495.7899169921875
600	2.5329856753309787	123	75	420.177490234375	-354.66998291015625	505.93994140625
600	2.730485785003525	129	80	363.06488037109375	-373.19000244140625	516.4998779296875
600	2.9311497092207492	135	85	307.48931884765625	-393.7599792480469	527.139892578125
600	3.142167913909775	142	90	264.10833740234375	-418.5899963378906	534.369873046875
600	3.351076948638779	149	95	225.76255798339844	-446.1099853515625	539.0299072265625
600	3.5527953982313694	155	100	190.65744018554688	-466.97998046875	541.10986328125
600	3.3577880740126194	157	105	209.33016967773438	-484.80999755859375	550.139892578125
600	3.3509809851606907	160	110	238.61817932128906	-499.53997802734375	545.809814453125
600	3.413490760322434	163	115	243.44570922851562	-511.05999755859375	539.33984375
600	3.7013997912367405	168	120	218.94921875	-512.2999877929688	524.7398681640625
600	4.111164379115921	170	125	149.77098083496094	-502.5999755859375	522.7899169921875
600	4.428602534528595	169	130	66.22050476074219	-500.5299987792969	536.8699951171875
600	4.540966632958275	162	135	-53.75506591796875	-504.489990234375	559.6300048828125
600	4.462350118156296	157	140	-128.6383819580078	-507.8799743652344	574.489990234375
600	4.402716594930512	155	145	-238.82608032226562	-510.5	580.579833984375
600	4.372420477863175	154	150	-316.7889404296875	-510.8399963378906	582.6800537109375
650	0.9758035381648202	66	30	813.8659057617188	-141.9199981689453	392.630126953125
650	1.1385971744868417	73	35	792.269287109375	-173.89999389648438	421.639892578125
650	1.3073350628230234	80	40	762.9953002929688	-206.45999145507812	445.4700927734375
650	1.4813460548731943	87	45	727.030517578125	-238.26998901367188	464.070068359375
650	1.6539189696272434	93	50	679.9227294921875	-262.3999938964844	477.52001953125
650	1.8311896204908908	99	55	627.5034790039062	-284.5099792480469	489.260009765625
650	2.020156848426682	106	60	577.5646362304688	-309.5	499.1500244140625
650	2.207206714149338	112	65	518.6754150390625	-327.489990234375	509.4500732421875
650	2.3982829928358615	118	70	458.34442138671875	-344.6999816894531	520.469970703125
650	2.5940573096235813	124	75	397.6627197265625	-362.2799987792969	532.4600830078125
650	2.793570744987351	130	80	337.9306640625	-381.5	545.070068359375
650	3.004205453391892	137	85	289.5487365722656	-405.1399841308594	555.239990234375
650	3.213689792152268	144	90	246.12347412109375	-431.8899841308594	563.8499755859375
650	3.415408241744858	151	95	211.95846557617188	-459.5899963378906	568.489990234375
650	3.615688550468308	155	100	159.32705688476562	-473.3899841308594	574.989990234375
650	3.268913018699509	156	105	233.00469970703125	-493.55999755859375	579.8900146484375
650	3.324040520187241	160	110	250.15428161621094	-508.8299865722656	573.780029296875
650	3.4705356240233005	164	115	245.86666870117188	-517.2699584960938	562.56005859375
650	3.8896959304770053	167	120	179.27268981933594	-508.30999755859375	552.719970703125
650	4.307418066259247	168	125	102.4933853149414	-500.1999816894531	560.820068359375
650	4.464267584677559	162	130	-19.77212142944336	-502.8299865722656	585.2900390625
650	4.440490889545304	156	135	-99.15101623535156	-505.8199768066406	604.5198974609375
650	4.355163204666001	153	140	-215.61570739746094	-508.8799743652344	614.030029296875
650	4.291886496539933	151	145	-314.461181640625	-507.8799743652344	617.510009765625
650	4.294283348317963	151	150	-375.5216979980469	-509.19000244140625	618.2899169921875
700	1.0055243213984628	67	30	836.4678955078125	-152.84999084472656	416.550048828125
700	1.1719612320277353	74	35	809.0820922851562	-185.75999450683594	445.14990234375
700	1.3437670906397958	81	40	773.9767456054688	-218.69000244140625	468.2799072265625
700	1.5207502086970468	88	45	732.3286743164062	-250.29998779296875	486.239990234375
700	1.6964869379957737	94	50	679.4752807617188	-273.6199951171875	499.47998046875
700	1.8765377879103244	100	55	621.779052734375	-294.67999267578125	511.429931640625
700	2.061094987388474	106	60	560.41943359375	-313.7099914550781	523.1298828125
700	2.250062215324265	112	65	496.724853515625	-331.3699951171875	535.2899169921875
700	2.4513971686323703	119	70	439.8420715332031	-352.0299987792969	546.3798828125
700	2.6492807745894016	125	75	376.0191650390625	-369.72998046875	560.4998779296875
700	2.8498487353285373	131	80	313.94500732421875	-390.0099792480469	575.18994140625
700	3.0601957917173923	138	85	264.14422607421875	-415.53997802734375	587.199951171875
700	3.2659410119017185	145	90	220.03575134277344	-445.29998779296875	596.929931640625
700	3.4625781655272068	151	95	182.40023803710938	-467.3499755859375	602.719970703125
700	3.2113888144453586	153	100	227.96588134765625	-487.0799865722656	612.3199462890625
700	3.245136368270737	156	105	243.7159881591797	-502.6299743652344	608.9599609375
700	3.3085089802702488	160	110	256.45416259765625	-517.75	602.7698974609375
700	3.6572978377302707	164	115	209.8701934814453	-516.2999877929688	586.89990234375
700	4.122573363777024	166	120	134.1278076171875	-503.489990234375	585.669921875
700	4.362833100553376	163	125	37.73094940185547	-501.989990234375	607.6600341796875
700	4.418056416507584	156	130	-70.64677429199219	-504.19000244140625	631.8499755859375
700	4.30051513313852	151	135	-188.70030212402344	-505.9700012207031	646.60009765625
700	4.240402269359452	149	140	-297.6075134277344	-506.6099853515625	651.9599609375
700	4.245771187539917	149	145	-360.61761474609375	-509.05999755859375	653.85009765625
750	1.032464905581202	68	30	858.6441040039062	-163.86000061035156	440.6900634765625
750	1.2018739422175546	75	35	825.6466064453125	-197.5699920654297	468.8199462890625
750	1.3763641556117197	82	40	784.9143676757812	-230.76998901367188	491.2999267578125
750	1.556127711138453	89	45	737.6248779296875	-261.97998046875	508.64990234375
750	1.7343571066816867	95	50	679.4942626953125	-284.3899841308594	521.7899169921875
750	1.9169967055281223	101	55	616.689697265625	-304.2799987792969	534.2398681640625
750	2.103758800025803	107	60	550.7599487304688	-322.2099914550781	546.8299560546875
750	2.2947394728621067	113	65	483.0841064453125	-339.0799865722656	560.4798583984375
750	2.4898426413496555	119	70	414.91082763671875	-356.04998779296875	575.579833984375
750	2.6974093794783176	126	75	356.18682861328125	-377.16998291015625	589.7198486328125
750	2.898360836501938	132	80	291.82293701171875	-398.79998779296875	606.56005859375
750	3.1164736628492893	140	85	250.31166076660156	-427.8599853515625	618.360107421875
750	3.312439787383896	147	90	210.41168212890625	-458.1499938964844	628.590087890625
750	3.515979874130112	152	95	163.1650390625	-474.3999938964844	636.9600830078125
750	3.1526181578596653	153	100	249.17984008789062	-496.6499938964844	642.900146484375
750	3.2220307469328464	156	105	251.76710510253906	-511.6399841308594	639.0301513671875
750	3.3418730378111423	160	110	252.95408630371094	-523.469970703125	629.16015625
750	3.844155836101395	164	115	179.62954711914062	-512.5599975585938	614.119873046875
750	4.24759279489122	164	120	94.6611099243164	-502.7799987792969	627.08984375
750	4.3672433078249515	157	125	-31.173778533935547	-503.30999755859375	655.68994140625
750	4.30051513313852	151	130	-120.53604125976562	-505.1600036621094	676.1300048828125
750	4.215283322330338	148	135	-260.0684509277344	-506.54998779296875	685.5899658203125
750	4.1879593014677585	147	140	-346.6409912109375	-507.72998046875	689.0098876953125
750	4.191027271743637	147	145	-407.2814025878906	-509.3199768066406	690.2401123046875
800	1.0561458309504648	69	30	880.6224975585938	-174.9199981689453	465.14990234375
800	1.228143378100123	76	35	842.09765625	-209.39999389648438	492.7100830078125
800	1.4052223404261728	83	40	795.905029296875	-242.62998962402344	514.570068359375
800	1.5811507582624973	89	45	737.863525390625	-267.17999267578125	530.3699951171875
800	1.7677211642225803	96	50	680.0012817382812	-294.75	544.5999755859375
800	1.9523739695509494	102	55	612.4518432617188	-313.4599914550781	557.5899658203125
800	2.1412453532179416	108	60	542.093017578125	-330.2699890136719	571.3399658203125
800	2.334239470954758	114	65	470.47357177734375	-346.239990234375	586.6199951171875
800	2.5308766245802463	120	70	399.0560302734375	-363.0699768066406	603.760009765625
800	2.739593851562363	127	75	337.646728515625	-384.5699768066406	620.239990234375
800	2.949653255935532	134	80	280.3799743652344	-409.3500061035156	637.1900634765625
800	3.1545356392820896	141	85	228.7823944091797	-439.53997802734375	652.949951171875
800	3.3503099560698093	148	90	194.32733154296875	-466.72998046875	662.6600341796875
800	3.119925129409653	150	95	233.4156951904297	-487.7599792480469	676.1099853515625
800	3.1149397969206394	153	100	261.06719970703125	-505.5699768066406	674.3900146484375
800	3.196048963065964	156	105	256.4194030761719	-521.5199584960938	671.97998046875
800	3.499489533897263	161	110	229.85003662109375	-525.260009765625	652.530029296875
800	4.054790604110581	163	115	135.90798950195312	-508.4599914550781	648.3499755859375
800	4.279614645238739	160	120	43.42414855957031	-504.2799987792969	674.0400390625
800	4.302336740489823	152	125	-74.21813201904297	-504.2200012207031	701.820068359375
800	4.181344020362717	147	130	-215.22744750976562	-504.79998779296875	717.6099853515625
800	4.157471406455857	146	135	-313.4300537109375	-507.8799743652344	723.9200439453125
800	4.128038156028611	145	140	-395.19183349609375	-507.7599792480469	726.0799560546875
850	1.0762793262812753	70	30	902.56884765625	-186.01998901367188	489.909912109375
850	1.2506736954066415	77	35	858.8316650390625	-221.0800018310547	517.0198974609375
850	1.4299577911708017	84	40	807.24462890625	-254.25999450683594	538.2099609375
850	1.6080913424452365	90	45	744.1564331054688	-278.1199951171875	553.7099609375
850	1.7900597929915012	96	50	675.545166015625	-298.91998291015625	568.119873046875
850	1.9759590506514133	102	55	602.9159545898438	-317.1300048828125	582.60986328125
850	2.1733631968458713	109	60	534.9478759765625	-337.8899841308594	596.60986328125
850	2.367891061302048	115	65	459.6280517578125	-353.17999267578125	613.639892578125
850	2.565966355796677	121	70	384.96734619140625	-369.8500061035156	632.919921875
850	2.7749712347944797	128	75	321.29278564453125	-391.94000244140625	651.7899169921875
850	2.9835926175077976	135	80	262.0487976074219	-418.47998046875	671.119873046875
850	3.190680015083176	143	85	220.2744598388672	-452.6499938964844	686.679931640625
850	3.3729361176451267	148	90	170.1067352294922	-473.1999816894531	699.60986328125
850	3.0408292889555515	149	95	246.33364868164062	-495.5899963378906	711.2598876953125
850	3.0754396796186985	153	100	270.1310729980469	-514.9599609375	708.4798583984375
850	3.2134979844053806	157	105	263.9845886230469	-529.719970703125	699.5399169921875
850	3.6881692290266574	161	110	192.57569885253906	-523.4199829101562	680.260009765625
850	4.133982348438126	161	115	99.93910217285156	-508.0099792480469	691.179931640625
850	4.265233594175202	155	120	-18.331912994384766	-505.44000244140625	722.0399169921875
850	4.195916819568497	148	125	-125.79473114013672	-505.17999267578125	746.0299072265625
850	4.118834304805619	145	130	-271.9870300292969	-506.3299865722656	757.2000732421875
850	4.092948365207535	144	135	-366.0599060058594	-508.03997802734375	761.919921875
850	4.096975076194626	144	140	-430.42974853515625	-510.2799987792969	764.0799560546875
900	0.9218265255305429	64	25	964.3897705078125	-160.69000244140625	482.0899658203125
900	1.0929612358424325	71	30	924.9447021484375	-197.01998901367188	515.219970703125
900	1.2692732055995126	78	35	876.15380859375	-232.62998962402344	541.699951171875
900	1.4444345672938486	84	40	814.7872314453125	-259.1099853515625	560.39990234375
900	1.630046355720383	91	45	751.6775512695312	-288.8500061035156	577.7099609375
900	1.813644635673386	97	50	678.4111938476562	-308.6199951171875	592.3299560546875
900	2.0010778784712375	103	55	601.4677734375	-325.69000244140625	607.5198974609375
900	2.1923460841139377	109	60	522.597900390625	-341.0899963378906	624.3798828125
900	2.3874492526014865	115	65	443.2859191894531	-356.489990234375	643.56982421875
900	2.594345080848557	122	70	373.42852783203125	-376.4599914550781	663.1201171875
900	2.80334984063707	129	75	307.29913330078125	-399.25	684.4000244140625
900	3.009766209121567	136	80	246.14297485351562	-427.79998779296875	706.1500244140625
900	3.2064033627470554	144	85	208.7829132080078	-461.92999267578125	722.5101318359375
900	3.0397746443708957	147	90	226.4740753173828	-484.1299743652344	741.320068359375
900	3.037281978126389	150	95	255.3109130859375	-505.239990234375	743.820068359375
900	3.0844519019087375	153	100	265.24267578125	-522.8499755859375	741.2200927734375
900	3.267091500755173	157	105	246.64247131347656	-536.9099731445312	731.4300537109375
900	3.858057546611649	161	110	163.4326171875	-520.1400146484375	711.5301513671875
900	4.162361013885361	159	115	70.28556823730469	-509.1399841308594	736.3701171875
900	4.22333674430452	151	120	-54.80612564086914	-506.489990234375	768.43994140625
900	4.100330638881546	145	125	-204.56031799316406	-505.6999816894531	788.1800537109375
900	4.050380396839005	143	130	-327.8733825683594	-506.69000244140625	796.5599365234375
900	4.056036937232834	143	135	-403.421142578125	-510.47998046875	801.0101318359375
900	4.02343987226091	142	140	-479.3114318847656	-508.5899963378906	801.3099365234375
950	0.9279624660823007	64	25	988.498046875	-164.67999267578125	502.2398681640625
950	1.1060959537837167	72	30	947.791748046875	-208.00999450683594	540.9000244140625
950	1.284037752947535	79	35	894.2189331054688	-244.0399932861328	566.9000244140625
950	1.4606372555110116	85	40	828.2349853515625	-270.2699890136719	585.219970703125
950	1.6416470885237278	91	45	755.140869140625	-292.9499816894531	601.5799560546875
950	1.8326277613600315	98	50	682.859375	-318.1000061035156	617.0699462890625
950	2.0211155295332492	104	55	601.8931884765625	-333.94000244140625	633.0599365234375
950	2.2135343432386936	110	60	519.2843017578125	-348.22998046875	651.2900390625
950	2.40959619283281	116	65	436.65673828125	-362.9599914550781	672.3299560546875
950	2.6167795538862766	123	70	364.101318359375	-382.8199768066406	694.1199951171875
950	2.8254967808683933	130	75	295.50152587890625	-406.41998291015625	717.949951171875
950	3.028557407852036	137	80	232.5887451171875	-436.8999938964844	742.1199951171875
950	3.221167910095078	145	85	199.19349670410156	-469.6199951171875	758.9000244140625
950	2.996343839164597	147	90	238.73480224609375	-492.1600036621094	777.0400390625
950	3.0049724459608615	150	95	260.4076843261719	-513.5199584960938	779.949951171875
950	3.0787953019102634	154	100	269.5823059082031	-533.239990234375	776.8800048828125
950	3.3546242594679416	158	105	237.15249633789062	-541.2699584960938	758.4599609375
950	3.9937189698179782	160	110	127.44416046142578	-518.6300048828125	751.3299560546875
950	4.157375562187058	155	115	20.093685150146484	-510.30999755859375	784.4200439453125
950	4.12621657847963	147	120	-92.34425354003906	-506.8199768066406	813.9300537109375
950	4.029671657081467	143	125	-263.17230224609375	-506.42999267578125	829.10986328125
950	4.008579421039444	142	130	-367.3116149902344	-508.8899841308594	836.4599609375
950	4.013181376453263	142	135	-440.9046325683594	-512.239990234375	840.39013671875
950	4.015002954002243	142	140	-502.55255126953125	-513.6699829101562	841.8499755859375
1000	0.9425353248927255	65	25	1014.454345703125	-175.0699920654297	527.9698486328125
1000	1.1173133095118661	72	30	964.9766845703125	-212.8300018310547	561.599853515625
1000	1.2969807823512216	79	35	905.873291015625	-248.97000122070312	588.3099365234375
1000	1.4811543663355966	86	40	839.03173828125	-281.72998046875	609.18994140625
1000	1.663697946067673	92	45	761.1429443359375	-303.5299987792969	625.3199462890625
1000	1.8496932864149631	98	50	678.416748046875	-321.55999755859375	641.4998779296875
1000	2.039331662650925	104	55	592.6251220703125	-336.92999267578125	659.169921875
1000	2.232421386237961	110	60	505.63232421875	-351.1099853515625	679.39990234375
1000	2.4368243098219455	117	65	427.04046630859375	-369.25	700.8199462890625
1000	2.6361460566481174	123	70	343.02197265625	-386.7699890136719	727.119873046875
1000	2.852341401573044	131	75	280.9292907714844	-414.03997802734375	751.5699462890625
1000	3.0603875994642795	139	80	226.16921997070312	-448.41998291015625	776.4998779296875
1000	3.2326727986296238	145	85	177.95956420898438	-475.7200012207031	796.33984375
1000	2.965760099883896	147	90	245.7362060546875	-500.3199768066406	811.85986328125
1000	2.982058632369858	150	95	263.1463317871094	-521.8300170898438	814.909912109375
1000	3.0924093604048313	154	100	263.02569580078125	-541.1499633789062	809.389892578125
1000	3.5450296282728733	159	105	206.70758056640625	-540.8599853515625	783.2398681640625
1000	4.036382842059952	158	110	95.99584197998047	-517.6400146484375	795.3299560546875
1000	4.1324483633001865	151	115	-27.304393768310547	-510.0799865722656	830.7999267578125
1000	4.03465710877977	144	120	-170.17538452148438	-506.989990234375	856.2598876953125
1000	3.994773614402634	142	125	-304.6513671875	-508.78997802734375	868.6400146484375
1000	3.9720514893492282	141	130	-406.76104736328125	-510.69000244140625	874.8900146484375
1000	3.9756947040518344	141	135	-478.2720031738281	-513.5800170898438	878.35986328125
1000	3.976845192905289	141	140	-540.0831298828125	-514.6599731445312	879.449951171875
1050	0.9623812874171396	66	25	1037.882080078125	-186.77999877929688	552.9398193359375
1050	1.1399394710871835	73	30	982.937744140625	-225.45999145507812	585.75
1050	1.3219079216334482	80	35	918.3446655273438	-261.7599792480469	611.489990234375
1050	1.5024382313105722	86	40	841.46826171875	-286.9499816894531	629.969970703125
1050	1.692651975150925	93	45	763.2705688476562	-314.53997802734375	647.5599365234375
1050	1.8808522105177463	99	50	675.664794921875	-331.1600036621094	664.169921875
1050	2.072312104698044	105	55	585.4682006835938	-345.1499938964844	682.9801025390625
1050	2.2671277403791965	111	60	494.53668212890625	-358.2099914550781	705.0101318359375
1050	2.4650113463362278	117	65	404.5084228515625	-372.8599853515625	730.6700439453125
1050	2.6727697730024875	124	70	325.77392578125	-394.0699768066406	757.7200927734375
1050	2.887622940536362	132	75	261.55572509765625	-423.0899963378906	785.1400146484375
1050	3.082246768470627	140	80	209.57679748535156	-460.1300048828125	811.9901123046875
1050	2.9616374850233615	144	85	216.61593627929688	-485.1099853515625	836.9400634765625
1050	2.898744332786423	147	90	268.41668701171875	-509.6499938964844	843.880126953125
1050	2.9406411528547824	150	95	276.6453552246094	-530.9599609375	846.510009765625
1050	3.045335400100571	154	100	276.65362548828125	-550.8800048828125	841.550048828125
1050	3.7666898250540317	158	105	158.26011657714844	-534.1699829101562	811.0001220703125
1050	4.058242070670945	156	110	68.7852783203125	-516.6099853515625	838.9600830078125
1050	4.082306373115403	147	115	-63.61233139038086	-509.6099853515625	874.669921875
1050	3.980584251876694	142	120	-232.37835693359375	-508.17999267578125	895.10009765625
1050	3.9384956836660923	140	125	-363.4141845703125	-508.739990234375	904.929931640625
1050	3.9445357203444065	140	130	-446.54449462890625	-512.9500122070312	911.260009765625
1050	3.913472640510422	139	135	-529.1006469726562	-511.55999755859375	912.0399169921875
1100	0.9802138050410409	67	25	1061.1890869140625	-198.61000061035156	578.1300048828125
1100	1.1599771221491952	74	30	1001.0680541992188	-238.1199951171875	610.0799560546875
1100	1.3440548618647714	81	35	931.2039184570312	-274.5199890136719	634.8599853515625
1100	1.5267903049800058	87	40	849.187255859375	-299.0	652.699951171875
1100	1.7128813147505344	93	45	760.5869140625	-318.8399963378906	669.7999267578125
1100	1.9023280024488987	99	50	667.6506958007812	-334.8500061035156	687.8900146484375
1100	2.0948424220045627	105	55	572.5701904296875	-348.3299865722656	708.6199951171875
1100	2.298094975944382	112	60	484.7936706542969	-365.1999816894531	731.0699462890625
1100	2.4970331072767795	118	65	391.5032043457031	-379.5699768066406	759.199951171875
1100	2.7051751494368137	125	70	309.96142578125	-401.3999938964844	789.1099853515625
1100	2.91763149499498	133	75	243.65025329589844	-432.6099853515625	819.469970703125
1100	3.102572071548325	141	80	197.38356018066406	-469.04998779296875	846.6300048828125
1100	2.874488222595078	144	85	249.67266845703125	-494.3999938964844	869.6199951171875
1100	2.887239444251877	147	90	269.474609375	-518.5599975585938	877.010009765625
1100	2.966910588737351	151	95	278.4158935546875	-541.1599731445312	875.219970703125
1100	3.188954341407639	155	100	249.19482421875	-557.7699584960938	863.27001953125
1100	3.8974617004355014	157	105	125.33794403076172	-529.3499755859375	848.0999755859375
1100	4.044340360160691	151	110	8.583000183105469	-515.2899780273438	885.8800048828125
1100	3.9830769777258457	143	115	-130.6959991455078	-508.92999267578125	916.8900146484375
1100	3.92373113631807	140	120	-293.625732421875	-508.6499938964844	932.809814453125
1100	3.908199536796433	139	125	-405.0668029785156	-511.0	941.8599853515625
1100	3.9127056479414524	139	130	-486.0516357421875	-514.7999877929688	947.530029296875
1100	3.880971419807297	138	135	-566.299560546875	-512.8800048828125	947.5
1150	0.9959370334956308	68	25	1084.5018310546875	-210.6699981689453	603.590087890625
1150	1.1777137955042978	75	30	1019.3200073242188	-250.86000061035156	634.599853515625
1150	1.3584357937190195	81	35	940.3717651367188	-279.72998046875	655.639892578125
1150	1.5481700142237802	88	40	857.4371337890625	-310.9100036621094	675.639892578125
1150	1.7362744688948215	94	45	764.0747680664062	-329.5199890136719	692.619873046875
1150	1.9270634531935276	100	50	666.7598876953125	-344.07000732421875	711.2899169921875
1150	2.121111857887131	106	55	567.6051635742188	-356.19000244140625	733.2698974609375
1150	2.3181326270063938	112	60	468.67913818359375	-368.30999755859375	759.5198974609375
1150	2.5255076765974582	119	65	379.9733581542969	-386.05999755859375	788.35986328125
1150	2.733649599548203	126	70	295.6455383300781	-408.7599792480469	821.079833984375
1150	2.9517625451048435	135	75	237.2223358154297	-443.8599853515625	852.869873046875
1150	3.1219385743101657	142	80	186.8336181640625	-476.8499755859375	881.5098876953125
1150	2.8363305211027683	144	85	260.8539733886719	-502.7699890136719	903.599853515625
1150	2.899415481086594	148	90	269.7203674316406	-528.9099731445312	910.6298828125
1150	3.0302832007368625	152	95	263.9837646484375	-551.260009765625	905.7899169921875
1150	3.3597055554350437	156	100	221.60800170898438	-560.2099609375	884.0499267578125
1150	3.9251692175825657	155	105	95.59135437011719	-527.47998046875	891.1998291015625
1150	4.01298962831102	147	110	-36.14558410644531	-514.1900024414062	930.39990234375
1150	3.924785721298081	141	115	-194.4376983642578	-509.9700012207031	956.659912109375
1150	3.892188656326157	139	120	-336.498046875	-510.94000244140625	970.669921875
1150	3.8748354792555393	138	125	-446.2921142578125	-512.7999877929688	978.6099853515625
1150	3.877903449531418	138	130	-525.4895629882812	-516.2099609375	983.7099609375
1150	3.8787662863691867	138	135	-591.0075073242188	-517.8900146484375	985.81005859375
1200	1.004757328829493	68	25	1105.29833984375	-215.6199951171875	623.56005859375
1200	1.1881639202448984	75	30	1034.6375732421875	-256.1000061035156	655.219970703125
1200	1.3757890899989267	82	35	954.1646728515625	-292.3299865722656	679.6500244140625
1200	1.5616883476588388	88	40	861.6593017578125	-315.4499816894531	697.72998046875
1200	1.750367867942673	94	45	763.1664428710938	-333.44000244140625	715.9200439453125
1200	1.9422113776167453	100	50	660.8541259765625	-347.44000244140625	736.1600341796875
1200	2.136931169029099	106	55	557.140869140625	-359.19000244140625	760.0299072265625
1200	2.342005240913254	113	60	461.7894287109375	-374.8999938964844	786.72998046875
1200	2.550243127342087	120	65	370.155517578125	-392.4100036621094	818.139892578125
1200	2.7574263691862644	127	70	283.3465881347656	-416.0299987792969	853.8199462890625
1200	2.971224892135483	136	75	222.86471557617188	-453.5799865722656	888.72998046875
1200	3.1377576470335544	143	80	176.8731689453125	-483.7799987792969	917.3099365234375
1200	2.841507661338669	144	85	252.5521240234375	-510.6199951171875	939.389892578125
1200	2.858093845840317	147	90	271.13397216796875	-535.3900146484375	945.489990234375
1200	3.028365719314438	152	95	262.5296630859375	-559.72998046875	938.2899169921875
1200	3.5206776738127292	156	100	190.50949096679688	-557.5899658203125	909.5499267578125
1200	3.9508634090384067	154	105	78.47672271728516	-526.7999877929688	933.5299072265625
1200	3.9608342528303684	144	110	-65.11900329589844	-513.989990234375	973.1500244140625
1200	3.865152227874619	139	115	-256.94390869140625	-510.1399841308594	995.3699951171875
1200	3.8578657984694065	138	120	-378.9861755371094	-512.7699584960938	1008.5
1200	3.838019955154282	137	125	-487.046630859375	-514.1300048828125	1015.3799438476562
1200	3.8396497845610202	137	130	-564.532958984375	-517.1199951171875	1019.8999633789062
1200	3.8398415327032627	137	135	-628.7145385742188	-518.4299926757812	1021.5899658203125
1250	1.016262217364039	69	25	1129.150146484375	-227.64999389648438	649.800048828125
1250	1.2012027939173837	76	30	1053.8836669921875	-268.7599792480469	680.47998046875
1250	1.3848010738703866	82	35	964.950439453125	-297.1600036621094	701.469970703125
1250	1.5774116396864475	89	40	871.843505859375	-327.17999267578125	721.510009765625
1250	1.7673375487288059	95	45	769.0736083984375	-343.8500061035156	739.7099609375
1250	1.9604275107344211	101	50	662.7689819335938	-356.3500061035156	760.5799560546875
1250	2.156009900565964	107	55	555.4631958007812	-366.739990234375	785.8099365234375
1250	2.3543729662855686	113	60	448.9307861328125	-377.989990234375	816.3299560546875
1250	2.5621313929518283	120	65	353.65460205078125	-396.1399841308594	850.260009765625
1250	2.7766970276793064	128	70	273.11517333984375	-423.2699890136719	887.0899658203125
1250	2.9809081435164035	137	75	212.75567626953125	-463.1199951171875	924.9599609375
1250	2.8383438467939914	141	80	224.3303985595703	-490.69000244140625	959.3999633789062
1250	2.827701795097214	145	85	264.6811828613281	-519.8800048828125	972.6699829101562
1250	2.848314750190598	148	90	281.2444152832031	-545.1400146484375	978.9599609375
1250	3.039199459548813	153	95	264.21990966796875	-569.8699951171875	971.6799926757812
1250	3.662283289428574	156	100	161.76712036132812	-553.9599609375	942.6499633789062
1250	3.929771172996384	151	105	40.259090423583984	-526.5899658203125	978.469970703125
1250	3.9015842556913913	142	110	-105.09107971191406	-515.25	1014.9099731445312
1250	3.8284325480421604	138	115	-299.6983642578125	-512.0599975585938	1034.1400146484375
1250	3.819803881641251	137	120	-420.628173828125	-514.2000122070312	1046.1199951171875
1250	3.797465312476975	136	125	-527.0606689453125	-515.010009765625	1052.010009765625
1250	3.7978488087614597	136	130	-603.1105346679688	-517.5800170898438	1056.0400390625
1250	3.8297747850378574	137	135	-653.6471557617188	-522.8399658203125	1060.8701171875
1300	1.0208641727778573	69	25	1151.0006103515625	-232.1599884033203	670.510009765625
1300	1.2068592747065683	76	30	1070.725830078125	-273.57000732421875	702.0699462890625
1300	1.3968812664363046	83	35	980.4796752929688	-309.66998291015625	726.260009765625
1300	1.5846979498823703	89	40	878.6411743164062	-331.5199890136719	744.72998046875
1300	1.7755827784498752	95	45	770.8157958984375	-347.6600036621094	764.0899658203125
1300	1.9688644289930881	101	50	659.96630859375	-359.6000061035156	786.43994140625
1300	2.1647345900496067	107	55	548.4075927734375	-369.739990234375	813.5799560546875
1300	2.3707673430403293	114	60	446.00909423828125	-384.47998046875	844.3499755859375
1300	2.5788135409315647	121	65	347.9853515625	-402.3199768066406	880.7900390625
1300	2.7919409155806125	129	70	264.9325866699219	-430.29998779296875	920.6400146484375
1300	2.9863729357679905	138	75	206.88710021972656	-470.8799743652344	960.5900268554688
1300	2.7919409155806125	141	80	238.0686798095703	-497.4700012207031	994.8200073242188
1300	2.794146049018723	145	85	271.669677734375	-527.0199584960938	1008.47998046875
1300	2.8573268532713474	149	90	280.2654724121094	-554.5599975585938	1014.989990234375
1300	3.004780757423264	153	95	268.86187744140625	-578.6300048828125	1008.8699951171875
1300	3.748953151698929	155	100	132.76275634765625	-550.75	981.52001953125
1300	3.90954177379213	148	105	1.6322784423828125	-526.2899780273438	1022.77001953125
1300	3.838403451438767	140	110	-169.19027709960938	-515.8699951171875	1055.5400390625
1300	3.815297830100876	138	115	-323.6561279296875	-516.0999755859375	1074.0400390625
1300	3.77876989841066	136	120	-461.58428955078125	-515.1699829101562	1083.550048828125
1300	3.7850975871046604	136	125	-551.991943359375	-519.0800170898438	1091.47998046875
1300	3.785193490978104	136	130	-628.0895385742188	-521.6900024414062	1095.52001953125
1300	3.7846182465513767	136	135	-692.6072998046875	-522.6499633789062	1096.8299560546875
1350	0.6638302048060556	51	20	1296.7021484375	-131.34999084472656	556.280029296875
1350	1.0277671058985849	70	25	1176.015380859375	-243.9499969482422	697.77001953125
1350	1.2147211273524423	77	30	1091.6705322265625	-286.0799865722656	728.3699951171875
1350	1.4003326137873788	83	35	993.6353149414062	-314.0799865722656	749.2200927734375
1350	1.5889165282209934	89	40	886.9404907226562	-335.5799865722656	768.6199951171875
1350	1.785937058921677	96	45	779.9818115234375	-357.9100036621094	788.830078125
1350	1.9798898577650608	102	50	665.6422729492188	-368.4599914550781	811.780029296875
1350	2.176527011390549	108	55	550.7163696289062	-377.17999267578125	840.0899658203125
1350	2.375273454185349	114	60	437.35272216796875	-387.4700012207031	874.6900024414062
1350	2.5823607325514377	121	65	335.9247131347656	-405.8399963378906	913.5900268554688
1350	2.8024870037993015	130	70	259.48382568359375	-437.0	954.550048828125
1350	2.9901120543440403	139	75	203.2906036376953	-477.5899963378906	996.260009765625
1350	2.7807236790617527	142	80	247.95590209960938	-505.3599853515625	1030.27001953125
1350	2.7805318713148655	145	85	267.6163635253906	-533.6199951171875	1046.6500244140625
1350	2.852053749557358	149	90	279.7232360839844	-561.7000122070312	1049.199951171875
1350	3.0523341774900974	154	95	265.088134765625	-586.5299682617188	1038.4100341796875
1350	3.792671608920914	155	100	122.1895523071289	-550.0700073242188	1021.4800415039062
1350	3.8836558341940464	146	105	-24.481998443603516	-526.9400024414062	1065.7900390625
1350	3.7967942237814487	139	110	-211.55747985839844	-517.7000122070312	1095.800048828125
1350	3.7735927581747593	137	115	-365.163818359375	-517.25	1112.760009765625
1350	3.7633342623671115	136	120	-485.57550048828125	-518.8599853515625	1123.5
1350	3.7691825509031833	136	125	-576.3349609375	-522.7999877929688	1131.469970703125
1350	3.7688948988874973	136	130	-652.6998291015625	-525.3599853515625	1135.56005859375
1350	3.7681279063185276	136	135	-717.5717163085938	-526.3200073242188	1136.8900146484375
1400	0.6619126041743417	51	20	1328.6409912109375	-133.45999145507812	573.8199462890625
1400	1.0274795730921884	70	25	1199.1654052734375	-247.75999450683594	719.179931640625
1400	1.21491281589004	77	30	1110.52685546875	-290.16998291015625	750.7099609375
1400	1.4010037620875497	83	35	1008.0621337890625	-318.17999267578125	772.39990234375
1400	1.5953400015791477	90	40	901.4249877929688	-347.07000732421875	793.68994140625
1400	1.7869918227156223	96	45	785.62353515625	-361.5899963378906	814.0299072265625
1400	1.980944383140427	102	50	667.1460571289062	-371.7099914550781	838.3499755859375
1400	2.1772940039595188	108	55	548.4541625976562	-380.17999267578125	868.3099365234375
1400	2.3832309126814426	115	60	439.6350402832031	-393.7599792480469	902.9099731445312
1400	2.5902223467787326	122	65	335.77044677734375	-411.6399841308594	944.1099243164062
1400	2.8084312558134616	131	70	257.2773742675781	-443.2099914550781	987.8899536132812
1400	2.99087904691301	140	75	202.24195861816406	-483.6199951171875	1031.469970703125
1400	2.7290476441343845	142	80	261.14166259765625	-510.79998779296875	1066.260009765625
1400	2.760398375984055	145	85	269.2241516113281	-539.5499877929688	1082.8199462890625
1400	2.871995556350571	150	90	277.7690734863281	-570.219970703125	1083.659912109375
1400	3.1166654705961765	155	95	252.62551879882812	-593.8699951171875	1069.919921875
1400	3.787590312953812	154	100	105.37919616699219	-551.3900146484375	1063.3299560546875
1400	3.85796170234285	145	105	-36.95525360107422	-528.97998046875	1107.3499755859375
1400	3.7761813282927097	139	110	-232.47528076171875	-521.239990234375	1135.919921875
1400	3.754705595966202	137	115	-387.2432861328125	-520.7899780273438	1152.64990234375
1400	3.744543004031998	136	120	-508.39898681640625	-522.3699951171875	1163.25
1400	3.750007796283585	136	125	-599.68408203125	-526.2099609375	1171.330078125
1400	3.7491448998411716	136	130	-676.5552978515625	-528.75	1175.489990234375
1400	3.7481861591299594	136	135	-741.9036865234375	-529.7099609375	1176.830078125
1450	0.6577901085230966	52	20	1352.212158203125	-139.3000030517578	597.260009765625
1450	1.0153035362574716	70	25	1219.437255859375	-248.3300018310547	736.8399658203125
1450	1.2012986381861825	77	30	1129.5289306640625	-291.2900085449219	769.530029296875
1450	1.3913206299159189	84	35	1029.324951171875	-327.91998291015625	794.6799926757812
1450	1.5791373133619846	90	40	917.8806762695312	-348.97998046875	814.1099853515625
1450	1.7694468378981174	96	45	800.7189331054688	-363.7799987792969	834.8999633789062
1450	1.9620573401411594	102	50	680.822998046875	-374.0199890136719	859.5899658203125
1450	2.156776893134934	108	55	560.7134399414062	-382.28997802734375	889.8899536132812
1450	2.3610839724501194	115	60	450.46337890625	-395.6199951171875	924.9199829101562
1450	2.56644581555925	122	65	345.2141418457031	-412.79998779296875	966.6300048828125
1450	2.774875390525681	130	70	255.30267333984375	-441.6399841308594	1012.9199829101562
1450	2.966527092452866	140	75	205.8489532470703	-484.5999755859375	1057.260009765625
1450	2.765671479698044	143	80	248.07632446289062	-512.97998046875	1093.699951171875
1450	2.780627834792954	146	85	260.9180908203125	-542.5299682617188	1112.25
1450	2.8192649960478366	150	90	281.0936279296875	-571.9299926757812	1119.5699462890625
1450	2.9812916398008884	154	95	269.0775451660156	-597.6799926757812	1110.760009765625
1450	3.7525963664015354	155	100	113.94773864746094	-559.0800170898438	1091.3798828125
1450	3.840512621398789	146	105	-31.43942642211914	-533.7899780273438	1135.93994140625
1450	3.7675526618918003	140	110	-220.4602813720703	-525.4500122070312	1165.89990234375
1450	3.748665559287888	138	115	-378.15380859375	-524.9099731445312	1183.7099609375
1450	3.7409956335981907	137	120	-502.05419921875	-526.6900024414062	1195.3599853515625
1450	3.718465316291672	136	125	-610.7719116210938	-527.0599975585938	1200.7900390625
1450	3.7477068185766758	137	130	-675.4672241210938	-533.6400146484375	1209.0699462890625
1450	3.746556329723221	137	135	-741.7091064453125	-534.8900146484375	1210.919921875
1500	0.6555849750849863	52	20	1383.3192138671875	-141.08999633789062	616.4000244140625
1500	1.0173169811579843	71	25	1246.955322265625	-260.0299987792969	767.1900024414062
1500	1.1971761425349374	77	30	1152.1669921875	-295.1099853515625	794.9900512695312
1500	1.3866228302333017	84	35	1047.9866943359375	-332.03997802734375	821.1700439453125
1500	1.574056136604172	90	40	932.493408203125	-353.07000732421875	841.6400146484375
1500	1.7637903571089328	96	45	811.5046997070312	-367.7200012207031	863.6300048828125
1500	1.9554419398268283	102	50	687.8689575195312	-377.6399841308594	889.5599975585938
1500	2.156201827522141	109	55	571.293701171875	-390.2599792480469	919.6000366210938
1500	2.352263677116257	115	60	450.711669921875	-398.80999755859375	957.989990234375
1500	2.5560912966688694	122	65	342.35089111328125	-416.0299987792969	1001.7200317382812
1500	2.7709445834120334	131	70	259.821044921875	-447.1099853515625	1048.699951171875
1500	2.950132715698105	140	75	198.87921142578125	-488.6299743652344	1097.1600341796875
1500	2.7267466664274753	143	80	253.017333984375	-517.5499877929688	1135.2099609375
1500	2.7620283246000827	147	85	269.20843505859375	-549.469970703125	1153.489990234375
1500	2.7926120638807834	150	90	279.8243713378906	-577.72998046875	1163.800048828125
1500	2.9836884617765964	155	95	267.7524108886719	-606.5199584960938	1153.510009765625
1500	3.751637625690323	155	100	106.46482849121094	-563.5199584960938	1135.8699951171875
1500	3.8030260086020053	145	105	-44.78517532348633	-536.8200073242188	1181.1600341796875
1500	3.7386946558912815	140	110	-240.195068359375	-529.239990234375	1210.090087890625
1500	3.72086213826738	138	115	-399.1681213378906	-528.3499755859375	1227.719970703125
1500	3.7131922721823276	137	120	-524.1036376953125	-529.8599853515625	1239.320068359375
1500	3.720191049571854	137	125	-618.9713745117188	-533.8499755859375	1248.3599853515625
1500	3.718944656844956	137	130	-699.5911865234375	-536.6499633789062	1253.3399658203125
1500	3.7173148274382175	137	135	-766.7093505859375	-537.8800048828125	1255.219970703125
1550	0.6641177376124521	53	20	1406.0689697265625	-150.66000366210938	645.3599853515625
1550	1.026424809298243	71	25	1268.8101806640625	-265.8899841308594	789.7799682617188
1550	1.2121323784205575	78	30	1171.0634765625	-309.79998779296875	822.8999633789062
1550	1.3964976509425302	84	35	1059.35400390625	-337.79998779296875	845.669921875
1550	1.5899710535963596	91	40	942.5272827148438	-366.19000244140625	868.169921875
1550	1.7808558821638645	97	45	816.9696044921875	-379.1300048828125	890.2299194335938
1550	1.973753917213303	103	50	689.1072998046875	-387.3299865722656	917.0999145507812
1550	2.1683776259382785	109	55	561.7174682617188	-393.79998779296875	950.5899658203125
1550	2.3719177126844944	116	60	445.0152587890625	-405.92999267578125	989.7099609375
1550	2.5757455706556858	123	65	333.75372314453125	-423.1499938964844	1036.6298828125
1550	2.788010108466965	132	70	248.38433837890625	-455.66998291015625	1087.47998046875
1550	2.9593365073164524	141	75	191.71841430664062	-496.55999755859375	1137.0799560546875
1550	2.702682483192307	143	80	257.000244140625	-525.3300170898438	1174.639892578125
1550	2.728855955596787	147	85	277.0396728515625	-557.8099975585938	1193.47998046875
1550	2.8606824755629123	151	90	262.2633361816406	-589.5399780273438	1198.9599609375
1550	3.123951900001389	156	95	240.28445434570312	-614.4099731445312	1180.25
1550	3.754418003555161	154	100	90.43354797363281	-562.6199951171875	1182.27001953125
1550	3.755376744266373	143	105	-70.41395568847656	-537.739990234375	1227.199951171875
1550	3.704275953765732	139	110	-286.6072692871094	-531.510009765625	1253.39990234375
1550	3.6851971030195774	137	115	-444.5555114746094	-530.239990234375	1269.409912109375
1550	3.702358472343308	137	120	-552.0177001953125	-534.6499633789062	1283.22998046875
1550	3.6795405030211032	136	125	-662.0907592773438	-534.8699951171875	1288.3299560546875
1550	3.706960427757126	137	130	-727.97119140625	-541.4500122070312	1297.3099365234375
1550	3.705234754081589	137	135	-795.436279296875	-542.6699829101562	1299.2099609375
1600	0.6685280044886728	53	20	1447.909423828125	-155.14999389648438	666.1499633789062
1600	1.040326519808497	72	25	1292.45068359375	-280.6999816894531	819.22998046875
1600	1.2290062149378915	79	30	1188.897705078125	-325.04998779296875	850.7599487304688
1600	1.414042635760035	85	35	1072.7716064453125	-352.42999267578125	872.739990234375
1600	1.6036810755690158	91	40	946.402099609375	-371.5099792480469	893.7099609375
1600	1.7955245852430881	97	45	814.97509765625	-383.66998291015625	917.2999877929688
1600	1.9889979243238987	103	50	681.6481323242188	-391.1600036621094	946.1900024414062
1600	2.1841010928114475	109	55	549.1246948242188	-397.29998779296875	982.1799926757812
1600	2.3882162451704563	116	60	427.59503173828125	-409.5999755859375	1024.3499755859375
1600	2.599522101875168	124	65	321.3705139160156	-430.4100036621094	1073.010009765625
1600	2.8082394480665744	133	70	232.9310302734375	-465.239990234375	1128.219970703125
1600	2.9714166998823703	142	75	181.64297485351562	-504.41998291015625	1178.409912109375
1600	2.697696912284714	144	80	263.225341796875	-535.6199951171875	1215.139892578125
1600	2.711694467063767	147	85	278.6297607421875	-566.9199829101562	1234.159912109375
1600	2.8257843136747898	151	90	273.73406982421875	-599.2000122070312	1238.139892578125
1600	3.120500433441025	156	95	239.36097717285156	-623.9599609375	1218.5400390625
1600	3.734763848777634	151	100	51.932735443115234	-560.2099609375	1232.14990234375
1600	3.7017832875212253	141	105	-140.68368530273438	-538.3599853515625	1273.239990234375
1600	3.6739798665007175	138	110	-335.2786865234375	-533.5800170898438	1297.0899658203125
1600	3.678198325630051	137	115	-474.3864440917969	-534.9400024414062	1314.239990234375
1600	3.6678439259489597	136	120	-598.6245727539062	-536.1099853515625	1324.5
1600	3.6719665408094944	136	125	-692.5839233398438	-539.7799682617188	1332.9599609375
1600	3.6688985705336155	136	130	-772.0762939453125	-542.1900024414062	1337.3800048828125
1600	3.6668852448423923	136	135	-839.674560546875	-543.0999755859375	1338.8299560546875
1650	0.6757184704157968	54	20	1491.333740234375	-166.22999572753906	697.530029296875
1650	1.0477089126917978	72	25	1315.9853515625	-286.8299865722656	842.9500122070312
1650	1.238977118334498	79	30	1205.9019775390625	-331.489990234375	875.0499877929688
1650	1.4265062054011484	85	35	1082.787841796875	-358.3999938964844	897.5700073242188
1650	1.6211299776991428	92	40	955.430419921875	-384.94000244140625	920.6700439453125
1650	1.8143157839735569	98	45	818.9673461914062	-395.2099914550781	944.5599975585938
1650	2.009227263923508	104	50	681.0572509765625	-400.69000244140625	974.6300048828125
1650	2.2057685732801975	110	55	544.2738647460938	-405.2599792480469	1012.8300170898438
1650	2.410554873939377	117	60	419.16229248046875	-416.6499938964844	1057.929931640625
1650	2.621860730644089	125	65	309.49993896484375	-437.8899841308594	1110.4599609375
1650	2.8348923802336277	135	70	227.89996337890625	-476.8899841308594	1168.719970703125
1650	2.731252777572495	141	75	227.89991760253906	-512.1599731445312	1224.300048828125
1650	2.673632609840256	144	80	267.6263427734375	-543.969970703125	1256.239990234375
1650	2.730965125556809	148	85	272.10321044921875	-578.1699829101562	1276.489990234375
1650	2.8143753886183323	152	90	283.46881103515625	-610.97998046875	1278.8800048828125
1650	3.275624263282639	157	95	212.12197875976562	-623.5299682617188	1248.6700439453125
1650	3.719136404987198	148	100	12.609455108642578	-558.1699829101562	1282.0
1650	3.6497237563093723	139	105	-211.66433715820312	-538.6400146484375	1318.43994140625
1650	3.642916786666733	137	110	-384.0216979980469	-535.5800170898438	1340.8699951171875
1650	3.645025956626755	136	115	-522.2601928710938	-536.6799926757812	1356.8599853515625
1650	3.659215319152695	136	120	-629.237548828125	-540.9199829101562	1370.010009765625
1650	3.662379133697373	136	125	-723.412109375	-544.5999755859375	1378.5
1650	3.659023511405808	136	130	-803.1646728515625	-547.0299682617188	1382.9599609375
1650	3.656818497176987	136	135	-871.0647583007812	-547.9299926757812	1384.4200439453125
1700	0.6773482998225351	54	20	1535.8070068359375	-170.44000244140625	718.9999389648438
1700	1.0573920448634286	73	25	1341.93359375	-302.07000732421875	873.8799438476562
1700	1.2464553554865976	79	30	1224.671875	-337.91998291015625	900.0699462890625
1700	1.4415585239741464	86	35	1097.7359619140625	-373.5099792480469	925.6199340820312
1700	1.6313886523207248	92	40	961.5776977539062	-390.54998779296875	947.5499267578125
1700	1.8254370570143283	98	45	819.1072387695312	-399.9700012207031	973.0199584960938
1700	2.021211373802048	104	50	675.3406372070312	-404.8399963378906	1005.1299438476562
1700	2.218136298652512	110	55	533.4003295898438	-409.1000061035156	1045.8099365234375
1700	2.4229225993116916	117	60	403.466796875	-420.75	1094.0499267578125
1700	2.6420900702436985	126	65	298.7514953613281	-445.41998291015625	1148.5899658203125
1700	2.850040423866135	136	70	213.56187438964844	-487.2599792480469	1211.7598876953125
1700	2.680248010154587	141	75	245.2783966064453	-520.1300048828125	1265.60986328125
1700	2.6373922705610813	144	80	277.43023681640625	-552.0800170898438	1297.97998046875
1700	2.679672706123215	148	85	288.76177978515625	-586.5299682617188	1319.0198974609375
1700	2.9144676804503025	153	90	260.451904296875	-623.0999755859375	1311.409912109375
1700	3.3841533541639865	157	95	186.2556610107422	-618.8499755859375	1287.5399169921875
1700	3.688840258117539	145	100	-25.858123779296875	-556.8999633789062	1331.419921875
1700	3.6174143433531345	138	105	-260.4897766113281	-540.760009765625	1363.989990234375
1700	3.610223758216721	136	110	-432.5564880371094	-537.6099853515625	1384.7698974609375
1700	3.6350550532301487	136	115	-552.5278930664062	-541.469970703125	1403.1298828125
1700	3.621632802482468	135	120	-676.0678100585938	-542.2899780273438	1412.0399169921875
1700	3.6225914835890354	135	125	-769.2052612304688	-545.5800170898438	1419.929931640625
1700	3.6472310900648655	136	130	-834.6254272460938	-551.9500122070312	1429.39990234375
1700	3.6448342680891574	136	135	-902.9583129882812	-552.8399658203125	1430.89990234375
1750	0.6817585666987558	55	20	1580.29833984375	-181.75	751.6299438476562
1750	1.0604600151393075	73	25	1367.8966064453125	-308.0799865722656	899.0999755859375
1750	1.2560426433894296	80	30	1247.17236328125	-353.78997802734375	930.239990234375
1750	1.448365374407496	86	35	1111.5145263671875	-379.69000244140625	952.0999755859375
1750	1.6406884074171604	92	40	968.393310546875	-396.1600036621094	974.9999389648438
1750	1.834161746497971	98	45	821.0195922851562	-405.0199890136719	1002.0799560546875
1750	2.0367429137190403	105	50	678.1021728515625	-414.8199768066406	1034.7099609375
1750	2.234914052482468	111	55	531.95263671875	-417.3499755859375	1077.530029296875
1750	2.4410428881605686	118	60	397.94622802734375	-428.1399841308594	1128.7999267578125
1750	2.6595392107924045	127	65	289.66790771484375	-453.0999755859375	1187.27001953125
1750	2.8625999569853366	138	70	216.48300170898438	-498.16998291015625	1252.8299560546875
1750	2.6353790640791477	141	75	258.27703857421875	-527.6499633789062	1307.3800048828125
1750	2.6481301665266574	145	80	279.0223388671875	-562.6099853515625	1338.8099365234375
1750	2.73086928128801	149	85	270.9566650390625	-598.7099609375	1360.7799072265625
1750	2.891266214843613	154	90	264.6939392089844	-635.2999877929688	1359.5499267578125
1750	3.448292958732468	156	95	158.4784393310547	-614.3499755859375	1332.5599365234375
1750	3.6529835343321384	143	100	-48.73515319824219	-557.510009765625	1380.139892578125
1750	3.604087817664963	138	105	-287.95330810546875	-545.0599975585938	1411.0699462890625
1750	3.5985271811445774	136	110	-461.7254638671875	-542.2699584960938	1431.5
1750	3.5984313368757785	135	115	-600.0603637695312	-543.1300048828125	1446.18994140625
1750	3.6096485733946384	135	120	-706.9207153320312	-547.0499877929688	1458.719970703125
1750	3.609840261932236	135	125	-800.5660400390625	-550.4199829101562	1466.699951171875
1750	3.6336170315702976	136	130	-866.3599243164062	-556.7799682617188	1476.5299072265625
1750	3.6309325575789035	136	135	-935.2147216796875	-557.6699829101562	1478.0299072265625
1800	0.6866480549189706	55	20	1623.1282958984375	-186.97000122070312	772.75
1800	1.0743617256495614	74	25	1390.4119873046875	-325.0799865722656	929.3099975585938
1800	1.267835064730372	80	30	1263.6134033203125	-361.3199768066406	954.3099975585938
1800	1.467636032900538	87	35	1123.2855224609375	-395.8999938964844	978.8400268554688
1800	1.66312288045488	93	40	973.7034301757812	-410.41998291015625	1001.0800170898438
1800	1.858226048942429	99	45	821.1260375976562	-417.1499938964844	1028.7900390625
1800	2.0563971877058567	105	50	666.6334228515625	-419.25	1064.6500244140625
1800	2.2628133177717746	112	55	522.1542358398438	-425.75	1108.6400146484375
1800	2.4706678271254123	119	60	383.7118225097656	-436.0299987792969	1163.81005859375
1800	2.688780772682053	128	65	270.8614501953125	-462.53997802734375	1227.3900146484375
1800	2.879761326309067	139	70	202.33229064941406	-508.2200012207031	1295.3399658203125
1800	2.649568307395798	142	75	257.83172607421875	-539.3200073242188	1348.5400390625
1800	2.615245568748337	145	80	285.54205322265625	-572.4099731445312	1382.2900390625
1800	2.6998062014540256	149	85	283.8919372558594	-609.969970703125	1400.219970703125
1800	3.040637600417954	155	90	245.79302978515625	-643.8099975585938	1379.1400146484375
1800	3.531607258315903	154	95	120.36318969726562	-603.1799926757812	1378.699951171875
1800	3.5931582331617893	140	100	-129.50535583496094	-556.6099853515625	1427.050048828125
1800	3.56171165704332	136	105	-361.4745178222656	-545.6499633789062	1453.3499755859375
1800	3.574654567237717	135	110	-513.84814453125	-545.1599731445312	1474.1099853515625
1800	3.596897351737839	135	115	-633.950927734375	-549.0999755859375	1491.8499755859375
1800	3.6073475956877292	135	120	-741.0299072265625	-553.25	1504.449951171875
1800	3.6066764473875583	135	125	-834.845703125	-556.6699829101562	1512.3399658203125
1800	3.6015951514204563	135	130	-913.933837890625	-558.7000122070312	1516.3599853515625
1850	0.6958519657466073	56	20	1665.124755859375	-200.14999389648438	805.2899169921875
1850	1.083661480745997	74	25	1405.35986328125	-332.6399841308594	953.0899047851562
1850	1.284133597216334	81	30	1281.385498046875	-378.7799987792969	982.5699462890625
1850	1.4820172031733652	87	35	1131.9422607421875	-403.0199890136719	1003.4999389648438
1850	1.6801884055098117	93	40	974.3323974609375	-416.44000244140625	1026.739990234375
1850	1.8760585665663303	99	45	815.3133544921875	-422.1499938964844	1056.369873046875
1850	2.0757636904676975	105	50	654.310302734375	-423.5	1094.719970703125
1850	2.2834262728651584	112	55	504.07293701171875	-429.7799987792969	1141.97998046875
1850	2.4999093890150608	120	60	369.03253173828125	-443.7099914550781	1199.2698974609375
1850	2.7164882302244724	129	65	251.64474487304688	-472.2799987792969	1268.119873046875
1850	2.897785532470566	140	70	189.04689025878906	-517.0399780273438	1337.5999755859375
1850	2.643048989768845	142	75	255.69998168945312	-548.9599609375	1389.2899169921875
1850	2.6377758860548557	146	80	278.0286560058594	-584.8200073242188	1424.7999267578125
1850	2.700764882560593	150	85	290.18841552734375	-623.1599731445312	1440.419921875
1850	3.0897248864134372	156	90	234.9971466064453	-655.6099853515625	1418.3299560546875
1850	3.5735040783842624	151	95	75.76060485839844	-593.5499877929688	1427.97998046875
1850	3.550590264793259	138	100	-203.86753845214844	-556.9199829101562	1471.7498779296875
1850	3.5585478424986423	136	105	-392.746337890625	-550.6099853515625	1498.8798828125
1850	3.5492480874022068	134	110	-564.9564819335938	-547.8499755859375	1515.89990234375
1850	3.5690939307173313	134	115	-684.2353515625	-551.6499633789062	1532.8299560546875
1850	3.5767638564070285	134	120	-790.2816162109375	-555.5299682617188	1544.7099609375
1850	3.5741752266844333	134	125	-882.7451782226562	-558.5999755859375	1551.97998046875
1850	3.5965138554533542	135	130	-947.738525390625	-564.760009765625	1562.0198974609375
1900	0.7000705440852304	56	20	1708.01708984375	-205.489990234375	826.7799682617188
1900	1.0959333618495126	75	25	1434.196533203125	-351.0899963378906	984.219970703125
1900	1.2942003448817392	81	30	1298.818359375	-386.5299987792969	1007.1499633789062
1900	1.4993702610346933	88	35	1144.2177734375	-419.489990234375	1030.3499755859375
1900	1.7002260565718235	94	40	980.4838256835938	-430.8899841308594	1052.97998046875
1900	1.8992600321730198	100	45	815.2941284179688	-434.1499938964844	1083.2099609375
1900	2.0998279929121555	106	50	649.9357299804688	-433.3699951171875	1123.5400390625
1900	2.3097915530165256	113	55	494.7377624511719	-438.0299987792969	1173.7999267578125
1900	2.5194675803144992	120	60	346.06494140625	-449.1399841308594	1237.0399169921875
1900	2.7511945843657077	131	65	242.74588012695312	-484.6099853515625	1308.3499755859375
1900	2.6794810175856174	139	70	224.22039794921875	-524.969970703125	1383.89990234375
1900	2.6319274783094944	142	75	255.58432006835938	-558.7899780273438	1430.3399658203125
1900	2.668263661857468	147	80	275.55517578125	-598.6499633789062	1462.669921875
1900	2.809389936920029	151	85	260.61492919921875	-639.0599975585938	1473.2698974609375
1900	3.0519506812056125	156	90	242.39866638183594	-667.5899658203125	1460.8499755859375
1900	3.5849131226500095	146	95	9.46377944946289	-586.2099609375	1479.1300048828125
1900	3.5275806069334568	137	100	-255.94839477539062	-559.25	1516.75
1900	3.5357298731764377	135	105	-445.2572326660156	-553.489990234375	1542.139892578125
1900	3.5470429539640964	134	110	-598.2689208984375	-553.5399780273438	1561.5899658203125
1900	3.5663136124571384	134	115	-718.101806640625	-557.6499633789062	1578.6300048828125
1900	3.5731205820997776	134	120	-824.5242919921875	-561.6300048828125	1590.5399169921875
1900	3.569765079017502	134	125	-917.2106323242188	-564.7000122070312	1597.8800048828125
1900	3.591144907470566	135	130	-982.2666015625	-570.9199829101562	1608.22998046875
1950	0.7070693214747568	57	20	1750.9078369140625	-219.1699981689453	860.3300170898438
1950	1.102260990938868	75	25	1467.09619140625	-359.5799865722656	1009.4600219726562
1950	1.306951685747828	82	30	1318.7230224609375	-404.5899963378906	1036.27001953125
1950	1.5094370087000986	88	35	1155.567138671875	-426.7699890136719	1056.080078125
1950	1.712593781944138	94	40	984.1663818359375	-437.22998046875	1079.739990234375
1950	1.9139287352522434	100	45	811.668212890625	-439.6199951171875	1111.75
1950	2.1154553770979465	106	50	640.2296752929688	-438.25	1154.570068359375
1950	2.3266653895338596	113	55	478.95477294921875	-442.7699890136719	1208.02001953125
1950	2.545353400703293	121	60	333.48944091796875	-457.47998046875	1273.6099853515625
1950	2.774491894241196	132	65	224.81976318359375	-495.6199951171875	1350.8399658203125
1950	2.639501559730393	139	70	241.47415161132812	-534.3999633789062	1424.3900146484375
1950	2.6173546194990696	143	75	269.9009704589844	-570.4500122070312	1470.3800048828125
1950	2.6199433684309543	146	80	280.7939453125	-606.4199829101562	1506.2900390625
1950	2.7618365168531955	151	85	274.67303466796875	-650.1300048828125	1517.030029296875
1950	3.1682455420454563	156	90	211.87167358398438	-664.7000122070312	1494.97998046875
1950	3.556630361076218	143	95	-29.053560256958008	-584.5999755859375	1527.52001953125
1950	3.5037079930265964	136	100	-307.50982666015625	-561.97998046875	1561.3199462890625
1950	3.510994422431809	134	105	-496.86505126953125	-556.510009765625	1585.0799560546875
1950	3.5197188734968723	133	110	-649.1415405273438	-556.47998046875	1603.300048828125
1950	3.5362092137297214	133	115	-768.2647705078125	-560.3300170898438	1619.56005859375
1950	3.5406193613966526	133	120	-873.7101440429688	-563.97998046875	1630.780029296875
1950	3.5632456421812595	134	125	-951.3521728515625	-570.9500122070312	1644.22998046875
1950	3.557013857360703	134	130	-1030.0177001953125	-572.6799926757812	1647.68994140625
2000	0.7092744549128671	57	20	1794.715087890625	-224.3300018310547	882.5399169921875
2000	1.1069587906214853	75	25	1501.057373046875	-367.8999938964844	1035.1298828125
2000	1.3132793148371835	82	30	1338.7503662109375	-412.489990234375	1062.10986328125
2000	1.5174905498835702	88	35	1168.852294921875	-434.30999755859375	1082.4599609375
2000	1.7224686026533664	94	40	990.0020141601562	-443.8999938964844	1107.169921875
2000	1.932240474220139	101	45	815.059814453125	-451.9599914550781	1139.2799072265625
2000	2.1353971838911594	107	50	639.047119140625	-448.4499816894531	1184.0899658203125
2000	2.3485245585402073	114	55	473.14447021484375	-451.4100036621094	1240.5499267578125
2000	2.5688426375349582	122	60	322.702392578125	-465.9599914550781	1310.4998779296875
2000	2.8031581520994724	134	65	219.01800537109375	-508.7799987792969	1392.3399658203125
2000	2.6138074278791965	139	70	248.35220336914062	-543.2899780273438	1465.2999267578125
2000	2.61955975293718	143	75	259.55450439453125	-579.8699951171875	1514.3399658203125
2000	2.6469797968824924	147	80	279.2007751464844	-620.1599731445312	1545.1298828125
2000	2.871803748603684	153	85	262.1982116699219	-665.6199951171875	1546.72998046875
2000	3.2392880797346653	156	90	194.72752380371094	-660.0999755859375	1533.919921875
2000	3.5066801190336765	140	95	-82.34866333007812	-584.1799926757812	1575.0399169921875
2000	3.4788766980131687	135	100	-358.3516845703125	-565.1400146484375	1605.4898681640625
2000	3.5053378224333347	134	105	-527.855712890625	-562.2799682617188	1631.3099365234375
2000	3.5141582369764865	133	110	-681.2874755859375	-562.5700073242188	1649.409912109375
2000	3.5299774289091648	133	115	-801.1619873046875	-566.5599975585938	1665.7999267578125
2000	3.533620584007126	133	120	-907.1726684570312	-570.260009765625	1677.08984375
2000	3.5554798722227634	134	125	-985.2340698242188	-577.25	1690.909912109375
2000	3.5486727833708347	134	130	-1064.40234375	-578.989990234375	1694.389892578125
2050	0.7140680988642831	58	20	1838.6402587890625	-238.27999877929688	917.239990234375
2050	1.1144370277735849	76	25	1535.784912109375	-386.9499816894531	1067.969970703125
2050	1.3174018104884286	82	30	1360.3671875	-420.3899841308594	1088.5
2050	1.5280365188929697	89	35	1186.1849365234375	-451.5999755859375	1110.969970703125
2050	1.735411632057053	95	40	1001.451171875	-459.03997802734375	1134.7899169921875
2050	1.9419238448103489	101	45	815.1947021484375	-457.7599792480469	1168.699951171875
2050	2.14584730863176	107	50	633.366943359375	-453.7699890136719	1215.760009765625
2050	2.3599336028059543	114	55	461.515869140625	-456.5999755859375	1275.1199951171875
2050	2.5891678214033664	123	60	314.56781005859375	-474.4499816894531	1347.2698974609375
2050	2.8133207440336765	135	65	208.98486328125	-519.6199951171875	1434.6099853515625
2050	2.602206695075852	139	70	246.45846557617188	-551.6199951171875	1507.72998046875
2050	2.6043159842451633	144	75	270.0584716796875	-590.5	1557.199951171875
2050	2.620230901237351	147	80	278.015380859375	-628.5999755859375	1593.0899658203125
2050	2.7975015521009983	153	85	269.6936340332031	-676.969970703125	1601.929931640625
2050	3.177545297141892	157	90	207.5353240966797	-683.7799682617188	1582.22998046875
2050	3.4772468686064304	139	95	-130.8488006591797	-587.1799926757812	1621.669921875
2050	3.470056283470017	135	100	-386.1272277832031	-570.6499633789062	1651.7799072265625
2050	3.476767408843857	133	105	-577.249267578125	-565.6300048828125	1673.669921875
2050	3.5060089707335056	133	110	-712.2572021484375	-568.739990234375	1695.719970703125
2050	3.5212528586348117	133	115	-832.9915771484375	-572.8300170898438	1712.3199462890625
2050	3.5243208289106907	133	120	-939.777587890625	-576.5899658203125	1723.679931640625
2050	3.545221316810471	134	125	-1018.408447265625	-583.5899658203125	1737.889892578125
2050	3.5381266951521457	134	130	-1098.3043212890625	-585.3399658203125	1741.419921875
2100	0.4008483131739755	38	15	2025.427490234375	-91.52999877929688	663.5
2100	0.714163943133082	58	20	1883.6435546875	-243.17999267578125	940.0700073242188
2100	1.1158751686427255	76	25	1572.4739990234375	-395.1099853515625	1094.780029296875
2100	1.3243047436091562	83	30	1383.7242431640625	-439.0799865722656	1119.449951171875
2100	1.5315839489314218	89	35	1202.98681640625	-459.3299865722656	1138.489990234375
2100	1.7405888915022434	95	40	1011.3071899414062	-466.1299743652344	1163.18994140625
2100	1.9488267779310764	101	45	817.8934936523438	-464.0199890136719	1198.56005859375
2100	2.1606118559797824	108	50	636.61279296875	-464.47998046875	1245.7099609375
2100	2.3768074393232883	115	55	460.11480712890625	-465.5999755859375	1308.0
2100	2.607479798789841	124	60	308.34765625	-483.1199951171875	1384.3399658203125
2100	2.8319202542265476	137	65	212.80984497070312	-530.75	1474.3699951171875
2100	2.568267333503586	139	70	257.06451416015625	-559.72998046875	1548.550048828125
2100	2.6028778433760227	144	75	265.9653625488281	-599.8099975585938	1599.2099609375
2100	2.643048989768845	148	80	273.49810791015625	-641.3399658203125	1635.3800048828125
2100	2.861161816116196	154	85	255.94442749023438	-689.97998046875	1639.75
2100	3.19633661508165	157	90	199.77316284179688	-685.4400024414062	1625.489990234375
2100	3.447909462447983	138	95	-178.56536865234375	-590.8099975585938	1667.8199462890625
2100	3.4598936915358127	135	100	-413.101806640625	-576.4199829101562	1698.3800048828125
2100	3.4674676537474216	133	105	-606.2254028320312	-571.739990234375	1720.0699462890625
2100	3.496421563621384	133	110	-742.505615234375	-575.0399780273438	1742.3199462890625
2100	3.5110902667006076	133	115	-864.2669677734375	-579.1599731445312	1759.06005859375
2100	3.5134870886763157	133	120	-971.884521484375	-582.9099731445312	1770.5899658203125
2100	3.5338123917540134	134	125	-1051.335693359375	-589.9299926757812	1785.1300048828125
2100	3.526238310333115	134	130	-1131.951416015625	-591.6799926757812	1788.7099609375
2150	0.40372459491225676	39	15	2073.681396484375	-98.72000122070312	695.929931640625
2150	0.712917490801539	58	20	1929.3785400390625	-247.72999572753906	963.2598876953125
2150	1.1193265159937997	77	25	1610.447021484375	-414.5999755859375	1129.0999755859375
2150	1.3243047436091562	83	30	1402.98828125	-446.97998046875	1147.35986328125
2150	1.5324467857691904	89	35	1222.5955810546875	-467.30999755859375	1166.97998046875
2150	1.7425062537153782	95	40	1024.4571533203125	-473.7599792480469	1192.429931640625
2150	1.9583182215651096	102	45	829.1777954101562	-477.5999755859375	1227.419921875
2150	2.1665561079939426	108	50	635.2535400390625	-470.44000244140625	1278.0198974609375
2150	2.3825597643812717	115	55	453.7089538574219	-471.5	1342.889892578125
2150	2.6137115836103977	124	60	295.7635803222656	-489.55999755859375	1422.8299560546875
2150	2.833550083633286	137	65	198.47251892089844	-538.0199584960938	1516.2999267578125
2150	2.598371732231003	140	70	248.30078125	-570.0199584960938	1590.0799560546875
2150	2.5892636656721653	144	75	267.9802551269531	-608.5	1641.349853515625
2150	2.6377758860548557	149	80	283.5370788574219	-652.969970703125	1677.699951171875
2150	2.8619288086851657	154	85	252.7790985107422	-699.739990234375	1682.97998046875
2150	3.204869377609116	157	90	191.52059936523438	-690.4599609375	1671.5198974609375
2150	3.4328572630842746	138	95	-200.87066650390625	-596.739990234375	1714.9898681640625
2150	3.4475259661634983	135	100	-438.7814636230469	-582.6199951171875	1745.2799072265625
2150	3.456058728690964	133	105	-633.97509765625	-578.0199584960938	1766.7698974609375
2150	3.4848208308180393	133	110	-771.6856689453125	-581.3499755859375	1789.2698974609375
2150	3.4972844004591526	133	115	-871.1712646484375	-584.6900024414062	1803.239990234375
2150	3.5009276747664035	133	120	-1003.1519775390625	-589.260009765625	1817.8099365234375
2150	3.5206776738127292	134	125	-1083.5740966796875	-596.3200073242188	1832.7899169921875
2150	3.512624251838547	134	130	-1165.096435546875	-598.0399780273438	1836.419921875
2200	0.40180711348983245	39	15	2122.781005859375	-100.12999725341797	712.449951171875
2200	0.7143556316706796	59	20	1975.4012451171875	-261.8500061035156	999.929931640625
2200	1.1170255382868906	77	25	1650.6461181640625	-422.5099792480469	1157.39990234375
2200	1.3220996101710458	83	30	1432.822265625	-455.72998046875	1176.2899169921875
2200	1.535610600313868	90	35	1246.639404296875	-485.7799987792969	1197.64990234375
2200	1.7471082091291965	96	40	1043.5711669921875	-490.239990234375	1221.8699951171875
2200	1.9590852141340793	102	45	838.136962890625	-484.8899841308594	1258.3499755859375
2200	2.1691446185072483	108	50	637.0215454101562	-476.8399963378906	1310.5198974609375
2200	2.3852443575819553	115	55	450.42718505859375	-477.67999267578125	1377.699951171875
2200	2.625599849220139	125	60	296.119140625	-498.3199768066406	1459.2799072265625
2200	2.841507661338669	138	65	197.35772705078125	-546.6099853515625	1556.389892578125
2200	2.5830318808516086	141	70	263.7374267578125	-579.8800048828125	1629.699951171875
2200	2.6043159842451633	145	75	263.9571228027344	-618.97998046875	1685.199951171875
2200	2.6283802866896213	149	80	278.16839599609375	-661.47998046875	1724.5699462890625
2200	2.851382720466477	155	85	258.50469970703125	-711.5899658203125	1730.199951171875
2200	3.2061157107313694	158	90	194.2234344482422	-701.0999755859375	1718.349853515625
2200	3.415791738029343	138	95	-221.63616943359375	-603.2799682617188	1762.389892578125
2200	3.4329531073530735	135	100	-462.7995910644531	-589.1199951171875	1792.39990234375
2200	3.44215701818071	133	105	-660.0551147460938	-584.4599609375	1813.7099609375
2200	3.4707274317701877	133	110	-799.3232421875	-587.7699584960938	1836.4599609375
2200	3.4846291422804416	133	115	-923.6156616210938	-591.8800048828125	1853.5899658203125
2200	3.486163127418381	133	120	-1033.2637939453125	-595.5899658203125	1865.389892578125
2200	3.505529630180222	134	125	-1114.94189453125	-602.6599731445312	1880.760009765625
2200	3.5224033474882663	135	130	-1184.120849609375	-608.969970703125	1893.22998046875
2250	0.39921848376723723	39	15	2172.16455078125	-101.45999908447266	729.0599975585938
2250	0.7110001285884042	59	20	2022.60791015625	-265.8999938964844	1024.02001953125
2250	1.1129988869044443	77	25	1692.7913818359375	-430.2699890136719	1186.469970703125
2250	1.3220996101710458	84	30	1470.6229248046875	-476.16998291015625	1210.280029296875
2250	1.5315839489314218	90	35	1271.5950927734375	-494.3799743652344	1227.8399658203125
2250	1.7437527060469211	96	40	1062.33349609375	-498.5899963378906	1252.550048828125
2250	1.9567842364271701	102	45	850.545654296875	-492.78997802734375	1289.780029296875
2250	2.1685695528944553	108	50	642.187255859375	-483.7099914550781	1343.3699951171875
2250	2.3924348235090793	116	55	458.6504211425781	-487.6099853515625	1410.56005859375
2250	2.6257915377577365	125	60	290.2033996582031	-504.8799743652344	1497.0400390625
2250	2.847931253906113	139	65	198.63153076171875	-555.0499877929688	1596.1199951171875
2250	2.5892636656721653	141	70	253.24923706054688	-587.2899780273438	1672.719970703125
2250	2.6054663538893283	146	75	266.797119140625	-628.75	1729.22998046875
2250	2.6280925154646457	150	80	275.86798095703125	-671.2699584960938	1773.429931640625
2250	2.952241885658127	156	85	241.9520263671875	-714.4199829101562	1762.77001953125
2250	3.2785004258116306	156	90	155.15139770507812	-683.1099853515625	1765.929931640625
2250	3.396808731551987	138	95	-240.89427185058594	-610.6699829101562	1810.159912109375
2250	3.4163669228514255	135	100	-485.26666259765625	-595.9500122070312	1839.8499755859375
2250	3.4465671658476413	134	105	-665.100341796875	-593.8099975585938	1865.969970703125
2250	3.455099928375107	133	110	-825.89404296875	-594.3200073242188	1883.97998046875
2250	3.4685222983320774	133	115	-951.527099609375	-598.3900146484375	1901.3299560546875
2250	3.4954628825148166	134	120	-1047.0865478515625	-606.0700073242188	1921.1099853515625
2250	3.488655793662888	134	125	-1145.393310546875	-609.1099853515625	1929.06005859375
2250	3.505241978164536	135	130	-1215.9156494140625	-615.4500122070312	1941.93994140625
2300	0.39998547633620696	40	15	2221.23681640625	-108.68000030517578	763.219970703125
2300	0.7064940174433847	59	20	2070.685791015625	-269.6600036621094	1048.449951171875
2300	1.1069587906214853	77	25	1736.8955078125	-437.739990234375	1216.2799072265625
2300	1.3155802925440927	84	30	1511.7261962890625	-485.30999755859375	1241.10986328125
2300	1.5249685486170907	90	35	1299.2696533203125	-503.1099853515625	1258.89990234375
2300	1.7374250769575657	96	40	1084.3690185546875	-507.2200012207031	1283.9898681640625
2300	1.9512235999067844	102	45	866.2945556640625	-500.8799743652344	1321.8199462890625
2300	2.171062219138962	109	50	658.1820678710938	-496.28997802734375	1374.3299560546875
2300	2.3886957049330295	116	55	462.36553955078125	-494.4100036621094	1445.3299560546875
2300	2.622627723213059	125	60	288.245849609375	-511.2699890136719	1534.199951171875
2300	2.844575631614548	139	65	191.9403839111328	-561.6199951171875	1636.6298828125
2300	2.588113296028	142	70	259.106201171875	-596.219970703125	1714.449951171875
2300	2.5793886065443576	146	75	271.2366943359375	-635.3399658203125	1774.2899169921875
2300	2.6419942259748996	150	80	272.9990234375	-681.2799682617188	1813.239990234375
2300	2.8892527699431003	156	85	246.67430114746094	-728.5499877929688	1819.139892578125
2300	3.221455562110764	157	90	167.44998168945312	-702.489990234375	1815.909912109375
2300	3.37494944333635	138	95	-257.5657958984375	-618.6699829101562	1858.1298828125
2300	3.397192227836472	135	100	-505.4476013183594	-603.1400146484375	1887.449951171875
2300	3.4282553076704563	134	105	-687.8713989257812	-600.6099853515625	1913.619873046875
2300	3.459126698966843	134	110	-832.30224609375	-604.0899658203125	1937.93994140625
2300	3.4745623946150364	134	115	-961.1007690429688	-608.5299682617188	1956.449951171875
2300	3.476767408843857	134	120	-1074.89404296875	-612.5499877929688	1969.47998046875
2300	3.4958463787993015	135	125	-1160.202392578125	-619.8299560546875	1986.31982421875
2300	3.486163127418381	135	130	-1246.5462646484375	-621.8599853515625	1990.809814453125
2300	3.5059131264647068	136	135	-1309.3475341796875	-627.3200073242188	2001.7999267578125
